detailsid
10000000002
10000000003
10000000004
10000000005
10000000007
10000000008
10000000009
10000000010
10000000011
10000000015
10000000017
10000000018
10000000019
10000000021
10000000022
10000000026
10000000027
10000000028
10000000030
10000000036
10000000038
10000000040
10000000041
10000000042
10000000044
10000000046
10000000048
10000000049
10000000050
10000000053
10000000054
10000000055
10000000057
10000000058
10000000061
10000000063
10000000064
10000000066
10000000069
10000000071
10000000074
10000000076
10000000078
10000000079
10000000080
10000000082
10000000083
10000000085
10000000088
10000000089
10000000091
10000000093
10000000096
10000000099
10000000101
10000000102
10000000103
10000000107
10000000108
10000000111
10000000112
10000000114
10000000115
10000000117
10000000118
10000000119
10000000120
10000000121
10000000122
10000000123
10000000124
10000000125
10000000126
10000000127
10000000128
10000000130
10000000131
10000000132
10000000133
10000000134
10000000136
10000000137
10000000139
10000000142
10000000144
10000000145
10000000147
10000000148
10000000149
10000000152
10000000154
10000000155
10000000159
10000000160
10000000162
10000000164
10000000165
10000000168
10000000170
10000000172
10000000173
10000000175
10000000176
10000000177
10000000181
10000000182
10000000183
10000000185
10000000186
10000000188
10000000190
10000000193
10000000200
10000000201
10000000203
10000000206
10000000208
10000000209
10000000213
10000000216
10000000218
10000000220
10000000222
10000000223
10000000224
10000000226
10000000227
10000000228
10000000231
10000000235
10000000240
10000000241
10000000243
10000000244
10000000245
10000000246
10000000249
10000000250
10000000252
10000000253
10000000255
10000000256
10000000258
10000000259
10000000261
10000000265
10000000268
10000000270
10000000272
10000000277
10000000279
10000000280
10000000281
10000000282
10000000286
10000000287
10000000291
10000000292
10000000294
10000000295
10000000297
10000000299
10000000301
10000000302
10000000304
10000000307
10000000310
10000000312
10000000313
10000000314
10000000316
10000000317
10000000319
10000000321
10000000322
10000000323
10000000324
10000000326
10000000327
10000000332
10000000334
10000000336
10000000338
10000000343
10000000345
10000000348
10000000350
10000000352
10000000353
10000000354
10000000357
10000000359
10000000360
10000000362
10000000363
10000000365
10000000366
10000000367
10000000368
10000000370
10000000371
10000000372
10000000373
10000000375
10000000376
10000000378
10000000380
10000000381
10000000382
10000000383
10000000384
10000000386
10000000388
10000000391
10000000394
10000000397
10000000399
10000000407
10000000414
10000000417
10000000419
10000000420
10000000422
10000000425
10000000426
10000000427
10000000430
10000000431
10000000433
10000000435
10000000436
10000000438
10000000439
10000000450
10000000451
10000000453
10000000454
10000000456
10000000457
10000000458
10000000460
10000000461
10000000463
10000000465
10000000466
10000000467
10000000468
10000000469
10000000471
10000000473
10000000476
10000000479
10000000480
10000000482
10000000484
10000000486
10000000487
10000000489
10000000501
10000000503
10000000505
10000000507
10000000508
10000000511
10000000512
10000000514
10000000516
10000000517
10000000519
10000000520
10000000521
10000000523
10000000524
10000000526
10000000528
10000000532
10000000535
10000000539
10000000540
10000000541
10000000542
10000000543
10000000544
10000000545
10000000546
10000000547
10000000549
10000000550
10000000551
10000000555
10000000557
10000000570
10000000571
10000000573
10000000574
10000000575
10000000577
10000000578
10000000579
10000000580
10000000581
10000000584
10000000585
10000000587
10000000588
10000000589
10000000592
10000000594
10000000597
10000000601
10000000603
10000000605
10000000608
10000000610
10000000611
10000000612
10000000613
10000000614
10000000615
10000000616
10000000617
10000000618
10000000619
10000000630
10000000631
10000000633
10000000634
10000000636
10000000638
10000000639
10000000641
10000000642
10000000643
10000000645
10000000647
10000000649
10000000650
10000000652
10000000653
10000000654
10000000656
10000000660
10000000663
10000000666
10000000667
10000000669
10000000677
10000000680
10000000681
10000000682
10000000683
10000000684
10000000685
10000000686
10000000687
10000000688
10000000689
10000000690
10000000691
10000000695
10000000696
10000000697
10000000698
10000000699
10000000700
10000000702
10000000703
10000000704
10000000706
10000000708
10000000710
10000000712
10000000713
10000000716
10000000718
10000000720
10000000723
10000000724
10000000726
10000000728
10000000732
10000000733
10000000735
10000000736
10000000737
10000000738
10000000739
10000000746
10000000748
10000000750
10000000751
10000000752
10000000753
10000000754
10000000755
10000000756
10000000757
10000000758
10000000759
10000000762
10000000763
10000000766
10000000767
10000000770
10000000771
10000000773
10000000774
10000000776
10000000777
10000000779
10000000781
10000000786
10000000787
10000000788
10000000790
10000000791
10000000793
10000000794
10000000795
10000000796
10000000797
10000000798
10000000799
10000000800
10000000802
10000000805
10000000807
10000000810
10000000811
10000000812
10000000813
10000000814
10000000815
10000000816
10000000817
10000000818
10000000820
10000000821
10000000822
10000000823
10000000824
10000000825
10000000826
10000000827
10000000828
10000000829
10000000830
10000000831
10000000832
10000000835
10000000839
10000000840
10000000842
10000000843
10000000845
10000000846
10000000847
10000000848
10000000850
10000000852
10000000854
10000000856
10000000857
10000000859
10000000860
10000000861
10000000862
10000000863
10000000864
10000000865
10000000866
10000000868
10000000869
10000000870
10000000871
10000000873
10000000874
10000000876
10000000877
10000000878
10000000880
10000000881
10000000882
10000000883
10000000884
10000000885
10000000886
10000000887
10000000888
10000000889
10000000890
10000000891
10000000892
10000000893
10000000896
10000000897
10000000898
10000000899
10000000902
10000000903
10000000905
10000000907
10000000909
10000000910
10000000911
10000000913
10000000914
10000000915
10000000917
10000000918
10000000920
10000000921
10000000925
10000000927
10000000930
10000000933
10000000936
10000000937
10000000938
10000000941
10000000942
10000000943
10000000944
10000000946
10000000948
10000000949
10000000950
10000000952
10000000954
10000000956
10000000957
10000000958
10000000959
10000000961
10000000963
10000000964
10000000965
10000000966
10000000967
10000000968
10000000969
10000000970
10000000971
10000000973
10000000974
10000000975
10000000977
10000000978
10000000979
10000000980
10000000981
10000000982
10000000983
10000000984
10000000985
10000000986
10000000987
10000000988
10000000989
10000000990
10000000992
10000000994
10000000997
10000001001
10000001003
10000001004
10000001006
10000001007
10000001008
10000001010
10000001011
10000001012
10000001013
10000001014
10000001015
10000001016
10000001017
10000001019
10000001021
10000001024
10000001025
10000001027
10000001030
10000001033
10000001035
10000001039
10000001040
10000001043
10000001044
10000001045
10000001046
10000001047
10000001048
10000001049
10000001051
10000001052
10000001054
10000001055
10000001057
10000001059
10000001060
10000001061
10000001062
10000001063
10000001064
10000001065
10000001066
10000001067
10000001068
10000001069
10000001072
10000001075
10000001077
10000001078
10000001080
10000001081
10000001082
10000001083
10000001084
10000001086
10000001087
10000001089
10000001092
10000001093
10000001094
10000001096
10000001098
10000001100
10000001102
10000001104
10000001106
10000001108
10000001110
10000001111
10000001112
10000001113
10000001114
10000001115
10000001116
10000001117
10000001118
10000001119
10000001120
10000001121
10000001123
10000001125
10000001126
10000001128
10000001129
10000001130
10000001131
10000001132
10000001133
10000001134
10000001137
10000001140
10000001141
10000001143
10000001144
10000001145
10000001147
10000001148
10000001151
10000001152
10000001154
10000001155
10000001158
10000001161
10000001163
10000001165
10000001168
10000001170
10000001171
10000001172
10000001173
10000001174
10000001175
10000001176
10000001177
10000001178
10000001179
10000001180
10000001181
10000001182
10000001184
10000001185
10000001187
10000001188
10000001189
10000001190
10000001191
10000001193
10000001194
10000001195
10000001196
10000001197
10000001198
10000001199
10000001200
10000001201
10000001203
10000001205
10000001206
10000001207
10000001209
10000001210
10000001211
10000001212
10000001213
10000001214
10000001215
10000001216
10000001218
10000001219
10000001221
10000001224
10000001230
10000001231
10000001232
10000001234
10000001235
10000001236
10000001237
10000001238
10000001241
10000001242
10000001244
10000001245
10000001248
10000001249
10000001250
10000001252
10000001253
10000001254
10000001255
10000001256
10000001258
10000001261
10000001262
10000001263
10000001264
10000001265
10000001266
10000001267
10000001268
10000001269
10000001271
10000001272
10000001273
10000001274
10000001275
10000001276
10000001277
10000001278
10000001279
10000001280
10000001281
10000001283
10000001286
10000001288
10000001291
10000001295
10000001300
10000001301
10000001302
10000001303
10000001305
10000001306
10000001308
10000001309
10000001310
10000001312
10000001313
10000001315
10000001316
10000001318
10000001319
10000001320
10000001321
10000001322
10000001324
10000001326
10000001327
10000001328
10000001329
10000001331
10000001333
10000001337
10000001338
10000001340
10000001344
10000001347
10000001348
10000001351
10000001353
10000001355
10000001357
10000001359
10000001360
10000001361
10000001362
10000001363
10000001365
10000001367
10000001368
10000001369
10000001370
10000001372
10000001373
10000001375
10000001377
10000001378
10000001379
10000001380
10000001381
10000001382
10000001383
10000001384
10000001386
10000001387
10000001388
10000001391
10000001394
10000001395
10000001396
10000001398
10000001399
10000001400
10000001403
10000001404
10000001405
10000001406
10000001407
10000001408
10000001409
10000001410
10000001414
10000001416
10000001418
10000001421
10000001423
10000001425
10000001426
10000001427
10000001429
10000001431
10000001433
10000001434
10000001436
10000001437
10000001438
10000001441
10000001442
10000001444
10000001446
10000001447
10000001448
10000001450
10000001451
10000001452
10000001453
10000001454
10000001456
10000001457
10000001458
10000001459
10000001462
10000001464
10000001470
10000001472
10000001473
10000001475
10000001477
10000001478
10000001479
10000001480
10000001481
10000001482
10000001483
10000001484
10000001485
10000001486
10000001488
10000001489
10000001490
10000001493
10000001495
10000001498
10000001500
10000001501
10000001502
10000001505
10000001507
10000001509
10000001510
10000001513
10000001514
10000001516
10000001517
10000001519
10000001521
10000001522
10000001524
10000001526
10000001527
10000001529
10000001531
10000001533
10000001534
10000001536
10000001538
10000001539
10000001540
10000001541
10000001543
10000001544
10000001546
10000001548
10000001551
10000001554
10000001557
10000001558
10000001560
10000001562
10000001566
10000001569
10000001570
10000001571
10000001572
10000001574
10000001575
10000001579
10000001581
10000001584
10000001586
10000001587
10000001589
10000001590
10000001591
10000001592
10000001593
10000001594
10000001595
10000001596
10000001597
10000001598
10000001599
10000001600
10000001601
10000001603
10000001604
10000001605
10000001606
10000001607
10000001608
10000001609
10000001613
10000001616
10000001618
10000001620
10000001621
10000001623
10000001624
10000001626
10000001628
10000001629
10000001630
10000001632
10000001635
10000001636
10000001638
10000001640
10000001642
10000001644
10000001645
10000001646
10000001648
10000001649
10000001651
10000001653
10000001657
10000001658
10000001661
10000001663
10000001664
10000001666
10000001667
10000001669
10000001670
10000001671
10000001672
10000001673
10000001674
10000001675
10000001676
10000001677
10000001678
10000001679
10000001681
