partnerid
10000000000
10000000000
10000000000
10000000000
10000000000
10000000000
10000000001
10000000001
10000000001
10000000001
10000000002
10000000002
10000000002
10000000002
10000000002
10000000002
10000000002
10000000002
10000000003
10000000003
10000000003
10000000003
10000000003
10000000003
10000000003
10000000003
10000000004
10000000004
10000000004
10000000004
10000000004
10000000004
10000000004
10000000005
10000000005
10000000005
10000000005
10000000005
10000000007
10000000007
10000000007
10000000007
10000000007
10000000008
10000000008
10000000008
10000000009
10000000009
10000000009
10000000009
10000000009
10000000009
10000000009
10000000009
10000000010
10000000010
10000000010
10000000010
10000000010
10000000010
10000000011
10000000011
10000000011
10000000011
10000000011
10000000011
10000000015
10000000015
10000000015
10000000015
10000000015
10000000015
10000000017
10000000017
10000000017
10000000017
10000000017
10000000017
10000000017
10000000017
10000000018
10000000018
10000000018
10000000018
10000000018
10000000019
10000000019
10000000019
10000000019
10000000019
10000000019
10000000021
10000000021
10000000021
10000000021
10000000021
10000000021
10000000022
10000000022
10000000022
10000000022
10000000022
10000000026
10000000026
10000000026
10000000026
10000000026
10000000026
10000000026
10000000027
10000000027
10000000027
10000000027
10000000027
10000000027
10000000028
10000000028
10000000028
10000000028
10000000028
10000000028
10000000030
10000000030
10000000030
10000000030
10000000030
10000000030
10000000030
10000000036
10000000036
10000000036
10000000036
10000000036
10000000036
10000000036
10000000037
10000000037
10000000037
10000000037
10000000037
10000000037
10000000037
10000000037
10000000038
10000000038
10000000038
10000000038
10000000038
10000000038
10000000038
10000000040
10000000040
10000000040
10000000040
10000000040
10000000040
10000000040
10000000040
10000000041
10000000041
10000000041
10000000041
10000000041
10000000041
10000000041
10000000041
10000000042
10000000042
10000000042
10000000042
10000000042
10000000042
10000000042
10000000042
10000000043
10000000043
10000000043
10000000043
10000000043
10000000043
10000000043
10000000044
10000000044
10000000044
10000000044
10000000044
10000000045
10000000045
10000000045
10000000045
10000000045
10000000045
10000000045
10000000046
10000000046
10000000046
10000000046
10000000046
10000000046
10000000047
10000000047
10000000047
10000000047
10000000047
10000000047
10000000047
10000000048
10000000048
10000000048
10000000048
10000000048
10000000049
10000000049
10000000049
10000000049
10000000049
10000000049
10000000049
10000000049
10000000050
10000000050
10000000050
10000000050
10000000050
10000000050
10000000051
10000000051
10000000051
10000000051
10000000053
10000000053
10000000053
10000000053
10000000053
10000000054
10000000054
10000000054
10000000054
10000000054
10000000054
10000000055
10000000055
10000000055
10000000055
10000000055
10000000057
10000000057
10000000057
10000000057
10000000057
10000000057
10000000058
10000000058
10000000058
10000000058
10000000058
10000000058
10000000058
10000000058
10000000060
10000000060
10000000060
10000000060
10000000060
10000000061
10000000061
10000000061
10000000061
10000000062
10000000062
10000000062
10000000062
10000000062
10000000063
10000000063
10000000063
10000000063
10000000063
10000000063
10000000064
10000000064
10000000064
10000000064
10000000064
10000000064
10000000065
10000000065
10000000065
10000000065
10000000065
10000000065
10000000066
10000000066
10000000066
10000000066
10000000067
10000000067
10000000067
10000000067
10000000067
10000000067
10000000069
10000000069
10000000069
10000000069
10000000069
10000000071
10000000071
10000000071
10000000071
10000000071
10000000071
10000000071
10000000071
10000000072
10000000072
10000000072
10000000072
10000000072
10000000072
10000000074
10000000074
10000000074
10000000074
10000000074
10000000074
10000000075
10000000075
10000000075
10000000075
10000000075
10000000075
10000000076
10000000076
10000000076
10000000076
10000000078
10000000078
10000000078
10000000078
10000000079
10000000079
10000000079
10000000079
10000000079
10000000079
10000000079
10000000079
10000000080
10000000080
10000000080
10000000080
10000000080
10000000080
10000000080
10000000080
10000000082
10000000082
10000000082
10000000082
10000000082
10000000082
10000000083
10000000083
10000000083
10000000083
10000000083
10000000085
10000000085
10000000085
10000000085
10000000085
10000000085
10000000085
10000000085
10000000088
10000000088
10000000088
10000000088
10000000088
10000000088
10000000088
10000000088
10000000089
10000000089
10000000089
10000000089
10000000089
10000000089
10000000091
10000000091
10000000091
10000000091
10000000091
10000000091
10000000092
10000000092
10000000092
10000000092
10000000092
10000000092
10000000092
10000000092
10000000093
10000000093
10000000093
10000000093
10000000093
10000000093
10000000095
10000000095
10000000095
10000000095
10000000095
10000000095
10000000095
10000000095
10000000096
10000000096
10000000096
10000000096
10000000096
10000000096
10000000099
10000000099
10000000099
10000000099
10000000099
10000000099
10000000099
10000000101
10000000101
10000000101
10000000101
10000000101
10000000102
10000000102
10000000102
10000000102
10000000102
10000000103
10000000103
10000000103
10000000103
10000000103
10000000105
10000000105
10000000105
10000000105
10000000105
10000000107
10000000107
10000000107
10000000107
10000000107
10000000108
10000000108
10000000108
10000000108
10000000108
10000000111
10000000111
10000000111
10000000111
10000000112
10000000112
10000000112
10000000112
10000000112
10000000114
10000000114
10000000114
10000000114
10000000115
10000000115
10000000115
10000000115
10000000115
10000000115
10000000117
10000000117
10000000117
10000000117
10000000117
10000000117
10000000117
10000000118
10000000118
10000000118
10000000118
10000000118
10000000118
10000000118
10000000118
10000000119
10000000119
10000000119
10000000119
10000000120
10000000120
10000000120
10000000120
10000000120
10000000121
10000000121
10000000121
10000000121
10000000121
10000000122
10000000122
10000000122
10000000122
10000000122
10000000122
10000000122
10000000122
10000000123
10000000123
10000000123
10000000123
10000000123
10000000123
10000000123
10000000123
10000000124
10000000124
10000000124
10000000124
10000000124
10000000124
10000000124
10000000125
10000000125
10000000125
10000000125
10000000125
10000000125
10000000125
10000000125
10000000126
10000000126
10000000126
10000000126
10000000126
10000000126
10000000127
10000000127
10000000127
10000000127
10000000127
10000000127
10000000127
10000000127
10000000128
10000000128
10000000128
10000000128
10000000128
10000000128
10000000128
10000000128
10000000129
10000000129
10000000129
10000000129
10000000129
10000000130
10000000130
10000000130
10000000130
10000000130
10000000130
10000000131
10000000131
10000000131
10000000131
10000000131
10000000132
10000000132
10000000132
10000000132
10000000132
10000000133
10000000133
10000000133
10000000133
10000000133
10000000134
10000000134
10000000134
10000000134
10000000134
10000000135
10000000135
10000000135
10000000135
10000000135
10000000135
10000000135
10000000136
10000000136
10000000136
10000000136
10000000136
10000000137
10000000137
10000000137
10000000137
10000000137
10000000139
10000000139
10000000139
10000000139
10000000142
10000000142
10000000142
10000000142
10000000142
10000000142
10000000142
10000000142
10000000143
10000000143
10000000143
10000000143
10000000143
10000000144
10000000144
10000000144
10000000144
10000000144
10000000144
10000000144
10000000144
10000000145
10000000145
10000000145
10000000145
10000000145
10000000145
10000000147
10000000147
10000000147
10000000147
10000000148
10000000148
10000000148
10000000148
10000000148
10000000148
10000000149
10000000149
10000000149
10000000149
10000000149
10000000149
10000000149
10000000149
10000000152
10000000152
10000000152
10000000152
10000000152
10000000152
10000000152
10000000154
10000000154
10000000154
10000000154
10000000154
10000000154
10000000154
10000000155
10000000155
10000000155
10000000155
10000000155
10000000159
10000000159
10000000159
10000000159
10000000159
10000000159
10000000160
10000000160
10000000160
10000000160
10000000160
10000000162
10000000162
10000000162
10000000162
10000000162
10000000162
10000000164
10000000164
10000000164
10000000164
10000000164
10000000165
10000000165
10000000165
10000000165
10000000165
10000000166
10000000166
10000000166
10000000166
10000000166
10000000168
10000000168
10000000168
10000000168
10000000168
10000000169
10000000169
10000000169
10000000169
10000000169
10000000170
10000000170
10000000170
10000000170
10000000170
10000000170
10000000170
10000000170
10000000172
10000000172
10000000172
10000000172
10000000172
10000000172
10000000173
10000000173
10000000173
10000000173
10000000173
10000000173
10000000173
10000000173
10000000175
10000000175
10000000175
10000000175
10000000175
10000000175
10000000176
10000000176
10000000176
10000000176
10000000176
10000000176
10000000176
10000000176
10000000177
10000000177
10000000177
10000000177
10000000177
10000000181
10000000181
10000000181
10000000181
10000000181
10000000182
10000000182
10000000182
10000000182
10000000182
10000000182
10000000182
10000000183
10000000183
10000000183
10000000183
10000000183
10000000183
10000000185
10000000185
10000000185
10000000185
10000000185
10000000185
10000000185
10000000186
10000000186
10000000186
10000000186
10000000186
10000000186
10000000188
10000000188
10000000188
10000000188
10000000190
10000000190
10000000190
10000000190
10000000190
10000000192
10000000192
10000000192
10000000192
10000000192
10000000192
10000000192
10000000193
10000000193
10000000193
10000000193
10000000193
10000000195
10000000195
10000000195
10000000195
10000000195
10000000195
10000000195
10000000198
10000000198
10000000198
10000000198
10000000198
10000000198
10000000198
10000000200
10000000200
10000000200
10000000200
10000000200
10000000201
10000000201
10000000201
10000000201
10000000201
10000000201
10000000203
10000000203
10000000203
10000000203
10000000203
10000000203
10000000203
10000000203
10000000204
10000000204
10000000204
10000000204
10000000204
10000000204
10000000206
10000000206
10000000206
10000000206
10000000206
10000000206
10000000206
10000000206
10000000208
10000000208
10000000208
10000000209
10000000209
10000000209
10000000209
10000000213
10000000213
10000000213
10000000213
10000000213
10000000216
10000000216
10000000216
10000000216
10000000218
10000000218
10000000218
10000000218
10000000218
10000000220
10000000220
10000000220
10000000220
10000000220
10000000220
10000000222
10000000222
10000000222
10000000222
10000000222
10000000222
10000000223
10000000223
10000000223
10000000223
10000000223
10000000223
10000000223
10000000223
10000000224
10000000224
10000000224
10000000224
10000000224
10000000224
10000000226
10000000226
10000000226
10000000226
10000000226
10000000226
10000000226
10000000227
10000000227
10000000227
10000000227
10000000227
10000000227
10000000228
10000000228
10000000228
10000000228
10000000228
10000000228
10000000231
10000000231
10000000231
10000000231
10000000231
10000000231
10000000235
10000000235
10000000235
10000000235
10000000235
10000000235
10000000235
10000000240
10000000240
10000000240
10000000240
10000000240
10000000241
10000000241
10000000241
10000000241
10000000241
10000000243
10000000243
10000000243
10000000243
10000000243
10000000244
10000000244
10000000244
10000000244
10000000244
10000000245
10000000245
10000000245
10000000245
10000000245
10000000246
10000000246
10000000246
10000000246
10000000246
10000000248
10000000248
10000000248
10000000248
10000000248
10000000249
10000000249
10000000249
10000000249
10000000249
10000000250
10000000250
10000000250
10000000250
10000000252
10000000252
10000000252
10000000252
10000000253
10000000253
10000000253
10000000253
10000000255
10000000255
10000000255
10000000255
10000000255
10000000256
10000000256
10000000256
10000000256
