TOPIC_ID
11961
14325
18106
20822
21224
21236
21333
21362
21365
21378
21379
21691
21692
21700
21701
21702
21797
21800
22140
22353
26354
26523
26525
26860
27554
28202
28224
29864
30901
32120
32163
32164
32171
48209
48210
48217
48237
48238
48243
48244
48246
48251
48252
48261
48269
48271
48273
48275
48276
48288
48289
48290
48293
48294
48299
48325
48328
48338
48340
48341
48343
48344
32179
32200
32233
35127
35253
35463
35966
35968
35969
35974
36005
36023
36116
36120
36554
36809
36897
36917
36936
37787
37809
37854
37855
39087
39092
40058
41606
41815
42312
42686
43085
43320
43321
43322
43323
43908
44144
44156
44158
44194
44262
44432
44433
44434
44703
44741
44773
44878
45197
45255
45261
45504
45764
45765
45772
45773
45914
45915
46020
46052
46063
46066
46072
46074
46084
47339
47609
47610
47652
47724
47726
47727
47728
47729
47730
47731
47733
47800
48026
48027
48028
48029
48030
48031
48051
48158
48163
48165
48208
44878
45773
47609
48508
48509
49243
49247
49384
49699
50259
52443
59559
61735
61806
62047
62066
62591
67505
67561
67632
67633
67634
67721
67722
67723
67724
67725
67726
67727
67729
67730
48345
48346
48347
48348
48349
48350
48351
48352
48353
48354
48355
48356
48357
48358
48359
48360
48361
48363
48376
48377
48379
48380
48383
48384
48385
48386
48388
48389
48390
48391
48392
48393
48394
48395
48396
48397
48398
48399
48400
48401
48402
48433
48508
48509
48510
48511
48514
48515
48516
48946
48947
48955
48962
48985
48991
48992
49033
49034
49035
49036
49087
49088
49089
49090
49092
49098
49137
49139
49142
49155
49156
49158
49169
49224
49225
49227
49243
49247
49384
49699
49739
50259
50267
50268
50269
50270
50318
50468
51212
52310
52314
52333
52334
52443
52834
53599
53841
54561
54705
54842
54881
54918
57127
57159
57160
57164
57167
57188
57933
57983
57984
57985
57986
57987
57988
57989
57990
57991
57992
58007
58008
58009
58010
58011
58012
58015
58016
58017
58018
58019
58020
58021
58022
58023
58189
58197
58220
58348
58393
58453
59028
59559
61422
61735
61806
62066
62143
62591
62596
63339
63375
63566
63659
63680
63723
63985
63988
65557
65883
65887
65890
65913
65934
65964
66006
66424
66792
67505
67561
67692
68086
68110
68361
70474
71056
11961
14325
20822
21236
26860
27554
28224
35253
35463
35974
36554
37787
37809
37854
37855
39092
40058
41815
42312
42686
67745
67752
67753
67754
67755
67756
67757
67758
67760
67761
67762
67768
67771
67883
67887
67888
68086
68110
68361
68777
68827
68895
68950
68951
68976
69031
69032
69033
69034
69059
69061
69094
69096
69383
69384
69443
69523
69776
69830
70198
70251
70254
70255
70256
70259
70261
70265
70474
71056
72915
74966
74967
79911
80291
67733
67734
67735
67736
67737
67738
67739
67740
67741
67742
67743
67744
67745
67752
67753
67754
67755
67756
67757
67758
67760
67761
67762
67768
67771
67883
67887
67888
68086
68110
68361
68777
68827
68895
68950
68951
68976
69031
69032
69033
69034
69059
69061
69094
69096
69383
69384
69443
69523
69526
69766
69767
69776
69830
69958
70198
70251
70254
70255
70256
70259
70261
70265
70289
70474
70633
71056
72915
74966
74967
11961
14325
20822
21236
26860
27554
28224
35253
35463
35974
36554
37787
37809
37854
37855
39092
40058
41815
42312
42686
44878
45773
46020
46084
47339
47609
48051
48508
48509
48510
48511
48514
48515
48516
49243
49247
49384
49699
49919
50259
50267
50268
50269
50270
52443
59559
61735
61806
62047
62066
62591
63699
67505
67561
67632
67633
67634
67721
67722
67723
67724
67725
67726
67727
67729
67730
67733
67734
67735
67736
67737
67738
67739
67740
67741
67742
67743
67744
49919
50259
50267
50268
50269
50270
52443
59559
61735
61806
62047
62066
62591
63699
67505
67561
67632
67633
67634
67721
67722
67723
67724
67725
67726
67727
67729
67730
67733
67734
81156
81232
81233
81279
81280
81304
81305
81563
81564
82725
83773
83967
11961
14325
20822
21236
26860
27554
28224
35253
35463
35974
36554
37787
37809
37854
37855
39092
40054
40058
41815
42312
42686
44878
45773
46020
46084
47339
47609
48051
48508
48509
48510
48511
48514
48515
48516
49243
49247
49384
49699
49919
50259
50267
50268
50269
50270
52443
59559
61735
61806
62047
62066
62591
63699
67505
67561
67632
67633
67634
67721
67722
67723
67724
67725
67726
67727
67729
67730
67733
67734
67735
67736
67737
67738
67739
67740
67741
67742
67743
67744
67745
67752
67753
67754
67755
67756
67757
67758
67760
67761
67762
67768
67771
67883
67887
67888
68086
68110
68361
68777
68827
68895
68950
68951
68976
69031
69032
69033
69034
69059
69061
69094
69096
69383
69384
69443
69523
69776
69830
70198
70251
70254
70255
70256
70259
70261
70265
70474
71056
72915
74966
74967
79911
80291
81156
81232
81233
81279
81280
81304
81305
81563
81564
82725
83392
83393
83408
83409
83773
83967
86046
11961
14325
20822
21236
26860
27554
28224
35253
35463
35974
36554
37787
37809
37854
37855
39092
40054
40058
41815
42312
42686
44878
45773
46020
46084
47339
47609
48051
48508
48509
48510
48511
48514
48515
48516
49243
49247
49384
49699
41644
41645
41815
42312
42686
43085
43320
43321
43322
43323
43908
44144
44156
44158
44194
44262
44432
44433
44434
44703
44741
44773
44878
45197
45255
45261
45504
45764
45765
45772
45773
45914
45915
46020
46052
46063
46066
46072
46074
46084
47339
47364
47609
47610
47652
47724
47726
47727
47728
47729
47730
47731
47733
47800
48026
48027
48028
48029
48030
48031
67735
67736
67737
67738
67739
67740
67741
67742
67743
67744
67745
67752
67753
67754
67755
67756
67757
67758
67760
67761
67762
67768
67771
67883
67887
67888
68086
68110
68361
68827
68895
68950
68951
68976
69031
69032
69033
69059
69061
69094
69383
69384
69443
69523
69776
69830
70198
70251
70254
70255
70256
70259
70261
70265
70474
71056
72915
74966
74967
79911
80291
81156
81232
81233
81279
81280
81304
81305
81563
81564
83392
83393
83408
83409
83773
86046
89220
90453
90970
11961
14325
18106
20822
21224
21236
21333
21362
21365
21366
21378
21379
21691
21692
21700
21701
21702
21797
21800
22140
22353
26354
26523
26525
26860
27554
28202
28224
29864
30901
32120
32163
32164
32171
32175
32179
32200
32233
35127
35253
35463
35966
35968
35969
35974
36005
36023
36116
36120
36554
36809
36897
36917
36936
37786
37787
37809
37854
37855
39087
39092
40058
40696
41606
41633
41634
41641
41642
41643
62143
62591
62596
63339
63375
63566
63659
63680
63699
63723
63968
63985
63988
65557
65810
65883
65887
65890
65913
65934
65964
66006
66424
66443
66571
66792
67505
67561
48051
48158
48163
48165
48206
48208
48209
48210
48217
48237
48238
48243
48244
48246
48251
48252
48261
48269
48271
48273
48275
48276
48288
48289
48290
48293
48294
48299
48325
48328
48338
48340
48341
48343
48344
48345
48346
48347
48348
48349
48350
48351
48352
48353
48354
48355
48356
48357
48358
48359
48360
48361
48363
48376
48377
48379
48380
48383
48384
48385
48386
48388
48389
48390
48391
48392
48393
48394
48395
48396
48397
48398
48399
48400
48401
48402
48433
48508
48509
48510
48511
48514
48515
48516
48946
48947
48955
48962
48985
48991
48992
49033
49034
49035
49036
49087
49088
49089
49090
49092
49098
49137
49139
49142
49155
49156
49158
49169
49224
49225
49227
49243
49247
49384
49415
49416
49417
49418
49420
49424
49425
49699
49739
50259
50267
50268
50269
50270
50318
50468
51212
52310
52314
52333
52334
52443
52773
52834
53599
53841
54375
54561
54691
54705
54842
54881
54883
54918
57127
57159
57160
57164
57167
57188
57933
57983
57984
57985
57986
57987
57988
57989
57990
57991
57992
58007
58008
58009
58010
58011
58012
58015
58016
58017
58018
58019
58020
58021
58022
58023
58115
58189
58197
58220
58348
58393
58453
59028
59559
60585
61422
61685
61735
61806
62047
62066
47730
47731
47733
47800
48026
48027
48028
48029
48030
48031
48051
48158
48163
48165
48206
48208
48209
48210
48217
48237
48238
48243
48244
48246
48251
48252
48261
48269
48271
48273
48275
48276
48288
48289
48290
48293
48294
48299
48325
48328
48338
48340
48341
48343
48344
48345
48346
48347
48348
48349
48350
48351
48352
48353
48354
48355
48356
48357
67685
67692
67835
67921
68086
68110
68166
68345
68361
68600
68982
69187
69396
69913
70159
70284
70474
70630
70696
71056
71308
71330
71337
71506
71834
72363
72509
73310
74141
74686
11961
14325
18106
20822
21224
21236
21333
21362
21365
21366
21378
21379
21691
21692
21700
21701
21702
21797
21800
22140
22353
26354
26523
26525
26860
27554
28202
28224
29864
30901
32120
32163
32164
32171
32175
32179
32200
32233
35127
35253
35463
35966
35968
35969
35974
36005
36023
36116
36120
36554
36809
36897
36917
36936
37786
37787
37809
37854
37855
39087
39092
40058
40696
41606
41633
41634
41641
41642
41643
41644
41645
41815
42312
42686
43085
43320
43321
43322
43323
43407
43908
44144
44156
44158
44194
44262
44432
44433
44434
44703
44741
44773
44878
45197
45255
45261
45504
45764
45765
45772
45773
45914
45915
46020
46052
46063
46066
46072
46074
46084
47339
47364
47609
47610
47652
47724
47726
47727
47728
47729
70630
70696
71056
71308
71330
71337
71506
71834
72363
72436
72509
73310
73574
73626
73849
73966
73967
74141
74686
74994
75335
76017
76021
76022
76571
76592
76594
76682
76683
76691
48358
48359
48360
48361
48363
48376
48377
48379
48380
48383
48384
48385
48386
48388
48389
48390
48391
48392
48393
48394
48395
48396
48397
48398
48399
48400
48401
48402
48433
48508
48509
48510
48511
48514
48515
48516
48946
48947
48955
48962
48985
48991
48992
49033
49034
49035
49036
49087
49088
49089
49090
49092
49098
49137
49139
49142
49155
49156
49158
49169
49224
49225
49227
49243
49247
49384
49415
49416
49417
49418
49420
49424
49425
49699
49739
50259
50267
50268
50269
50270
50468
52310
52314
52333
52334
52443
52773
52834
53599
54331
54375
54561
54691
54705
54842
54881
54883
54918
57127
57159
57160
57164
57167
57188
57933
57983
57984
57985
57986
57987
57988
57989
57990
57991
57992
58007
58008
58009
58010
58011
58012
58015
58016
58017
58018
58019
58020
58021
58022
58023
58115
58189
58197
58220
58348
58393
58453
59028
59559
60585
61407
61422
61685
61735
61806
62047
62066
62143
62591
62596
63339
63375
63566
63659
63680
63699
63723
63968
63985
63988
65557
65810
65883
65887
65890
65913
65934
65964
66006
66060
66424
66443
66571
66792
67505
67561
67685
67692
67835
67921
68086
68110
68166
68345
68361
68600
68982
69187
69396
69913
70284
70474
48275
48288
48289
48290
48293
48325
48328
48338
48340
48341
48343
48344
48345
48346
48347
48348
48349
48350
48351
48352
48353
48354
48355
48356
48357
48358
48359
48360
48361
48363
48376
48377
48379
48380
48383
48384
48385
48386
48388
48389
48390
48391
48392
48393
48394
48395
48396
48397
48398
48399
48400
48401
76732
76744
76746
76829
76848
77070
77082
78049
78986
79281
79303
79312
79313
79314
79333
79341
79343
79344
79346
79347
79348
79349
79350
79352
79353
79354
79355
79359
79430
80307
80354
11961
14325
18106
20822
21224
21236
22353
26354
26523
26525
26860
27554
28202
28224
29864
30901
32120
32163
32164
32171
32175
32179
32200
35127
35253
35463
35966
35968
35969
35974
36005
36023
36116
36120
36554
36809
36897
36917
36936
37786
37787
37809
37854
37855
39087
39092
40054
40058
40696
41458
41606
41633
41634
41641
41642
41643
41644
41645
41815
42686
43085
43320
43321
43322
43323
43407
43908
44194
44432
44433
44434
44703
44773
44878
45197
45255
45261
45504
45773
46020
46052
46063
46066
46072
46074
46084
47339
47364
47609
47610
47652
47724
47726
47727
47728
47729
47730
47731
47733
47800
48026
48027
48028
48029
48030
48031
48051
48158
48209
48210
48217
48237
48238
48243
48244
48246
48251
48252
48261
48269
48271
21379
21691
21692
21700
21701
21702
21797
21800
22140
22353
26354
26523
26525
26860
27554
28202
28224
29864
30901
32120
32163
32164
32171
32175
32179
32200
32233
35127
35253
35463
35966
48402
48433
48508
48509
48510
48511
48514
48515
48516
48946
48947
48955
48962
48985
48991
48992
49033
49034
49035
49036
49087
49088
49089
49090
49092
49098
49137
49139
49142
49155
49156
49158
49169
49224
49225
49227
49243
49247
49384
49415
49416
49417
49418
49420
49424
49425
49699
49739
50259
50267
50268
50269
50270
50468
52310
52443
52773
52834
53599
54331
54375
54561
54691
54705
54842
54881
54883
54918
57127
57159
57160
57164
57167
57188
57933
57983
57984
57985
57986
57987
57988
57989
57990
57991
57992
58007
58008
58009
58010
58011
58012
58015
58016
58017
58018
58019
58020
58021
58022
58023
58115
58189
58197
58220
58348
58393
58453
59028
59559
60585
61407
61422
61685
61735
61806
62047
62066
62143
62591
63339
63375
63566
63659
63680
63699
63723
63968
63985
63988
65557
65810
65883
65887
65890
65913
65934
65964
66006
66060
66424
66443
66571
66792
67505
67561
67685
67692
67835
67921
68086
68110
68166
68361
68982
69187
69396
69913
70474
70630
70696
71056
71330
71337
71506
71834
72363
72436
72509
73310
73626
73849
73966
73967
74141
74686
74994
76070
76432
76792
78049
78506
79063
81260
82520
82546
83095
11961
14325
18106
20822
21224
21236
21333
21362
21365
21378
48380
48383
48384
48385
48386
48388
48389
48390
48391
48392
48393
48394
48395
48396
48397
48398
48399
48400
48401
48402
48433
48508
48509
48510
48511
48514
48515
48516
48628
48946
48947
48955
48962
48985
48991
48992
49033
49034
49035
49036
49087
49088
49089
49090
49092
49098
49137
49139
49142
49155
49156
49169
35968
35969
35974
36005
36023
36116
36120
36554
36809
36897
36917
36936
37786
37787
37809
37854
37855
39087
39092
40054
40058
40696
41458
41606
41633
41634
41641
41642
41643
41644
41645
41815
42312
42686
43085
43320
43321
43322
43323
43407
43908
44144
44156
44158
44194
44262
44432
44433
44434
44703
44741
44773
44878
45197
45255
45261
45504
45764
45765
45772
45773
45914
45915
46020
46052
46063
46066
46072
46074
46084
47339
47364
47609
47610
47652
47724
47726
47727
47728
47729
47730
47731
47733
47800
48026
48027
48028
48029
48030
48031
48051
48158
48209
48210
48217
48237
48238
48243
48244
48246
48251
48252
48261
48269
48271
48275
48288
48289
48290
48325
48328
48338
48340
48341
48343
48344
48345
48346
48347
48348
48349
48350
48351
48352
48353
48354
48355
48356
48357
48358
48359
48360
48361
48363
48376
48377
48379
90520
90521
90522
90523
90524
90525
90526
90527
90528
90529
90530
90532
90533
90534
90535
90536
90877
90878
90879
90880
90881
90883
90962
90963
90995
90996
90997
90998
90999
91000
91001
91002
91003
91004
91005
91502
49224
49225
49227
49243
49247
49384
49415
49416
49417
49418
49420
49424
49425
49699
49739
50259
50267
50268
50269
50270
50468
52310
52314
52333
52334
52443
52773
52834
53599
54331
54375
54561
54691
54705
54842
54881
54883
54918
57933
58115
58220
58393
59028
59559
60585
61422
61685
61735
61806
62047
62066
62591
62596
63375
63659
63680
63699
63723
63968
63985
63988
66060
66443
66571
67505
67561
67921
68086
68110
68345
68361
69187
69913
70474
71056
71308
72225
73626
76017
76021
76022
76070
76432
76571
76592
76594
76641
76682
76683
76691
76732
76744
76746
76792
76829
76848
77070
77082
77438
77690
78049
78506
78655
78689
78986
79281
79303
79312
79313
79314
79333
79341
79343
79344
79346
79347
79348
79349
79350
79352
79353
79354
79355
79357
79358
79359
79430
80307
80354
81170
81314
81400
81818
82086
82164
82165
82237
82320
82327
82329
82331
82357
82447
82448
82455
82509
82525
82555
82556
82557
82558
82559
82581
82582
82614
82615
82715
82736
82780
82833
82859
83247
83325
85115
85764
85816
86196
87179
89599
89600
89602
89642
89643
89644
89645
89646
89647
89648
89649
89650
89651
89652
89653
89654
89655
89656
89657
89691
89692
89693
89694
89695
89697
89840
89984
89989
89990
89991
89992
89993
89994
89997
89999
90000
90001
90002
90003
90004
90005
90006
90007
90008
90010
90503
90504
90508
90509
90510
90511
90513
90514
90515
90516
90517
90519
48348
48349
48350
48351
48352
48353
48354
48355
48356
48357
48358
48359
48360
48361
48363
48376
48377
48379
48380
48383
48384
48385
48386
48388
48389
48390
48391
48392
48393
48394
48395
48396
48397
48398
48399
48400
48401
48402
48433
48508
48509
48510
48511
48514
48515
91519
91520
91521
91522
91523
91524
91526
91527
91528
91534
91535
91536
91537
91538
91539
91540
91541
91543
91608
11961
14325
20822
21224
21236
26354
26523
26525
26860
27554
28202
28224
29864
30901
32120
32163
32164
32171
32179
32200
35127
35253
35463
35966
35968
35974
36005
36023
36116
36120
36554
36809
36897
36917
36936
37787
37809
37854
37855
39087
39092
40054
40058
41458
41606
41815
42312
42686
43085
43320
43321
43322
43323
43407
43908
44194
44432
44433
44434
44703
44773
44878
45197
45255
45261
45504
45773
46020
46052
46063
46066
46072
46074
46084
47339
47609
47610
47652
47724
47726
47727
47728
47729
47730
47731
47733
47800
48026
48027
48028
48029
48030
48031
48051
48158
48209
48210
48217
48237
48238
48243
48244
48246
48251
48252
48261
48269
48271
48275
48288
48289
48290
48325
48328
48338
48340
48341
48343
48344
48345
48346
48347
46072
46074
46084
47339
47609
47724
47726
47727
47730
47731
47733
47800
48026
48027
48028
48029
48030
48031
48398
48399
48400
48401
48402
48433
48508
48516
48628
48946
48947
48955
48962
48985
48991
48992
49033
49034
49035
49036
49087
49088
49089
49090
49092
49098
49137
49139
49142
49155
49156
49169
49224
49225
49227
49243
49247
49384
49415
49416
49417
49418
49420
49424
49425
49699
49739
50259
50267
50268
50269
50270
50468
52310
52443
52834
53599
54331
54705
54842
54881
54918
57933
58220
58393
59028
59559
61422
61735
61806
62047
62066
62591
63375
63659
63680
63699
63723
63985
63988
66060
66443
66571
67505
67561
68086
68110
68361
69187
69913
70474
71056
72225
73626
76017
76021
76022
76070
76432
76571
76592
76594
76641
76682
76683
76691
76732
76744
76746
76792
76829
76848
77070
77082
77438
77690
78049
78506
78655
78689
78986
79303
79312
79313
79314
79333
79341
79343
79344
79346
79347
79348
79349
79350
79352
79353
79354
79355
79357
79358
79359
79430
80307
80354
81818
82086
82320
82736
82780
82859
83247
83338
85115
85764
85816
85883
86196
86509
86512
86541
86542
86742
86744
87156
11961
14325
20822
21236
26354
26860
27554
28224
32175
35127
35253
35463
35974
36554
36897
36917
36936
37786
37787
37809
37854
37855
39087
39092
40054
40058
40696
41458
41633
41634
41641
41642
41643
41644
41645
41815
42312
42686
43320
43321
43322
43323
44194
44432
44773
44878
45197
45255
45261
45504
45773
46020
46052
46066
91535
91536
91537
91538
91539
91540
91541
91543
91608
92336
92398
93885
93887
93888
93889
93890
93891
93892
93893
93894
93895
93896
93897
93898
93899
93900
93901
93902
93903
93904
93911
93913
93914
93915
93916
93917
93918
93920
93921
93922
93923
93924
93925
93926
93927
93928
93929
93930
93949
93950
93952
93953
93954
93955
93956
93957
93958
93959
93960
93962
93963
93964
93966
94112
94208
94232
48509
48510
48511
48514
48515
48516
48628
48946
48947
48962
49033
49137
49224
49243
49247
49384
49415
49416
49417
49418
49420
49424
49425
49699
50259
50267
50268
50269
50270
52310
52443
52773
54331
54375
54561
54691
54797
54842
54883
54918
58115
58393
58425
59028
59061
59559
60585
61407
61422
61685
61735
61806
62047
62591
63699
63968
67505
67561
68086
68110
68361
69187
70474
71056
71308
72225
74170
76017
76021
76022
76571
76592
76594
76641
76682
76683
76691
76732
76744
76746
76792
76829
76848
77070
77082
77438
77690
78049
78506
78689
78986
79303
79312
79313
79314
79333
79341
79343
79344
79346
79347
79348
79349
79350
79352
79353
79354
79355
79357
79358
79359
79430
80307
80354
81818
82086
82320
82736
82780
82859
83247
83325
85115
85764
85816
85832
86196
86509
86512
86541
86542
86742
86744
87156
87179
89840
90666
90751
90819
90905
91113
91123
91502
91519
91520
91521
91522
91523
91524
91526
91527
91528
91534
41585
41585
41585
41585
41585
41585
44285
44285
44285
44285
44285
44285
44285
44285
44285
44287
44287
44287
44287
44287
44287
44287
44287
44287
45762
45762
44773
44878
45197
45255
45261
45504
76732
76744
76746
76792
76829
76848
77070
77082
77690
78506
78986
79303
79312
79313
79314
79333
79341
79343
79344
79346
79347
79348
79349
79350
79352
79353
79354
79355
79357
79358
79359
79360
79430
80307
80354
81170
81818
82086
82320
82736
82780
82859
83247
83865
85115
85764
85816
86196
86509
86512
86541
86542
86742
86744
89840
90506
90666
90751
90819
90905
91113
91123
91608
11961
14325
20822
21236
26860
27554
28224
35253
35463
35974
36554
37787
37809
37854
37855
39092
40054
40058
91999
92336
92398
93443
93584
93919
93957
94304
94338
94389
94470
94621
45773
46020
46052
46066
46072
46074
46084
47339
47609
47724
47726
47727
47730
47731
47733
47800
48026
48027
48029
48030
48031
48433
48508
48509
48510
48511
48514
48515
48628
48946
48947
48962
49033
49137
49224
49243
49247
49384
49416
49417
49699
49919
50259
52443
54331
54561
54797
54918
58393
58425
59028
59061
59559
61407
61422
61735
61806
62047
62591
63335
63699
67505
67561
68086
68110
68361
70474
71056
72225
74170
76017
76021
76022
76571
76592
76594
76641
76682
76683
76691
11961
14325
20822
21236
26354
26860
27554
28224
35127
35253
35463
35974
36554
37787
37809
37854
37855
39087
39092
40054
40058
41458
41815
42312
42686
43320
43321
43322
43323
44194
11961
14325
20822
21236
26860
27554
28224
35253
35463
35974
36554
37787
37809
37854
37855
39092
40054
40058
42312
42686
44878
45773
46084
47339
47609
48508
48509
48510
48511
48514
48515
49243
49247
49384
49699
49919
50259
52443
59559
61735
61806
62047
62066
62591
63699
67505
67561
67726
67729
67730
67733
67734
67735
67738
67740
67752
67755
67762
67768
28182
35756
35995
58510
73182
73974
87652
88992
92472
93756
94294
96184
97989
98145
98402
98671
100185
100186
100424
101994
67771
67883
67887
67888
68086
68110
68361
69094
69383
69443
69523
69830
70198
70259
70261
70265
70474
71056
81156
81232
81233
81279
81280
81304
81305
81563
81564
83773
86046
71768
71773
72062
72066
78187
78191
83747
83750
91662
41378
41455
41546
41598
41604
41621
41623
41625
41626
41631
41654
42293
42294
42362
42974
44423
44882
44883
44888
44949
44977
45162
45199
45270
45317
45485
45490
45502
45522
45523
45524
45525
45626
45766
45828
45859
46097
47357
47472
47474
47475
47476
47580
48159
49257
49621
51626
53046
57197
68285
70429
92145
92146
42312
42686
44878
45773
46020
46084
47339
47609
48508
48509
48510
48511
48514
48515
49243
49247
49384
49699
49919
52443
54797
59559
61735
61806
62047
62066
62591
63699
67561
67726
67733
67738
67740
67752
67755
67762
67768
67771
67883
67887
68086
68110
68361
69094
69383
69443
69523
69830
70198
70259
70265
70474
71056
81156
81232
81233
81279
81280
81304
81305
81563
81564
83773
86046
96573
99110
45762
45762
45762
45762
47139
47139
47139
47139
47139
47139
50724
50724
50724
50724
50724
50724
87384
87391
87393
89133
89134
89135
89136
94444
94444
23338
23338
41455
41455
41455
41455
41455
41455
41455
41546
41546
41546
41546
41546
41546
41546
41546
41598
41598
41598
41598
41598
41598
41598
41598
41604
41604
41604
41604
41604
41604
41604
23338
23338
23338
23338
23338
23338
23338
23338
23338
23338
23338
23338
23338
23338
23338
23339
23339
23339
23341
23341
23341
28182
28182
34891
34891
34891
41604
41621
41621
41621
41621
41621
41621
41621
41621
41623
41623
41623
41623
41623
41623
41623
41623
41625
41625
41625
41625
41625
41625
41625
41625
41626
41626
41626
41626
41626
41626
41626
34903
34903
34903
35312
35312
35312
35756
35756
35756
40010
40010
40010
40010
40010
41879
41879
41879
41879
41879
41879
42710
42710
42710
42710
42710
42710
41626
41631
41631
41631
41631
41631
41631
41631
41631
41654
41654
41654
41654
41654
41654
41654
41654
42293
42293
42293
42293
42293
42293
42293
42293
42294
42294
42294
42294
42294
42294
42294
42294
42362
42710
42710
42710
42710
43796
43796
43796
43796
43796
43796
43796
43796
43796
43796
45019
45019
45019
45196
45196
45196
45196
45196
47898
47902
47902
47902
47902
47902
42362
42362
42362
42362
42362
42362
42362
42974
42974
42974
42974
42974
42974
42974
42974
44423
44423
44423
44423
44423
44423
44423
44423
44882
44882
44882
44882
44882
44882
44882
44882
44883
44883
11961
14325
20822
21236
26354
26860
27554
28224
35127
35253
35463
35974
36554
37787
37809
37854
37855
39087
39092
40054
40058
41458
42312
42686
43320
43321
43322
43323
44194
44773
44878
47926
47926
47926
47926
47926
47926
49259
49259
49259
49259
49259
49259
49259
49259
49259
50078
50078
50078
50500
50500
50500
50500
50500
52376
52376
52376
52376
52627
52627
52627
52627
44883
44883
44883
44883
44883
44883
44888
44888
44888
44888
44888
44888
44888
44888
44949
44949
44949
44949
44949
44949
44949
44949
44977
44977
44977
44977
44977
44977
44977
44977
45162
45162
45162
45162
45197
45255
45261
45504
45773
46020
46052
46066
46072
46074
46084
47339
47609
47724
47726
47727
47730
47731
47733
47800
48026
48027
48029
48031
48433
48508
52627
52627
52627
52627
52627
52627
53144
53144
53144
53144
53144
54867
58510
58510
58510
59807
59840
59840
59840
59840
60962
64526
64526
64526
64526
64676
64676
45162
45162
45162
45162
45199
45199
45199
45199
45199
45199
45199
45199
45270
45270
45270
45270
45270
45270
45270
45270
45317
45317
45317
45317
45317
45317
45317
45317
45485
45485
45485
45485
48509
48510
48511
48514
48515
48628
48946
48947
48962
49033
49137
49224
49243
49247
49384
49416
49417
49699
52443
54331
54797
54918
58393
58425
59028
59061
64676
64676
64676
65248
65248
65248
65248
65248
65958
65959
65982
65982
65982
65982
65982
65982
66344
66344
66344
66344
66344
69082
69082
69082
45485
45485
45485
45485
45490
45490
45490
45490
45490
45490
45490
45490
45502
45502
45502
45502
45502
45502
45502
45502
45520
45520
45520
45521
45521
45521
45522
45522
45522
45522
45522
45522
59559
61422
61735
61806
62047
62591
63335
67505
67561
68086
68110
68361
70474
71056
72225
74170
76641
76732
76792
77065
77082
77690
78506
78986
79280
79281
79303
79333
79343
79344
79346
69082
69082
73974
73974
80232
80232
80232
80982
80982
80982
83052
83052
86770
87652
87652
87652
87652
87652
87652
87652
87652
87652
87652
87652
87652
87652
87652
45522
45522
45523
45523
45523
45523
45523
45523
45523
45523
45524
45524
45524
45524
45524
45524
45524
45524
45525
45525
45525
45525
45525
45525
45525
45525
45626
45626
45626
45626
79347
79348
79349
79350
79352
79353
79354
79355
79356
79357
79358
79359
79360
79430
80307
80354
81818
82086
82320
82736
83865
85115
85764
86196
86509
86512
86541
86542
86742
86744
87156
87652
87652
87652
88992
88992
18823
18823
18823
18823
18823
18823
18823
18823
18823
18823
60171
60171
60171
60171
60171
60171
60171
60316
60597
45626
45626
45626
45626
45766
45766
45766
45766
45766
45766
45766
45766
45828
45828
45828
45828
45828
45828
45828
45828
45859
45859
45859
45859
45859
45859
45859
45859
46097
46097
46097
46097
89697
89840
90506
90666
90751
90819
90905
91113
91123
91608
91999
92398
93443
93584
93889
93891
93893
93895
93897
93899
93901
93903
93904
93913
93915
93917
93918
93922
93924
93926
93927
41378
41455
41546
41598
41604
41621
41623
41625
41626
41631
41654
42293
42294
42362
42974
44423
44882
44883
44888
44949
44977
45162
45199
45270
45317
45485
45490
45502
45522
45523
45524
45525
45626
45766
60844
60844
60844
60844
60844
60844
60844
60844
60844
60845
60845
60845
60845
60845
60845
60845
60845
60845
62671
62671
62671
62671
62671
46097
46097
46097
46097
47357
47357
47357
47357
47357
47357
47357
47357
47472
47472
47472
47472
47472
47472
47472
47472
47474
47474
47474
47474
47474
47474
47474
47474
47475
47475
47475
47475
93930
93949
93953
93955
93956
93961
93963
93964
94112
94304
94389
94621
95601
96556
97991
99233
99327
99328
44285
44287
45828
45859
46097
47357
47472
47474
47475
47476
47580
48159
49257
49621
51626
53046
57197
68285
70429
92145
92146
99313
99360
99606
62671
62671
62671
64005
64005
64005
64005
64005
64005
64005
64006
64006
64006
64006
64006
64006
64006
64007
64007
64007
64007
47475
47475
47475
47475
47476
47476
47476
47476
47476
47476
47476
47476
47580
47580
47580
47580
47580
47580
47580
47580
48159
48159
48159
48159
48159
48159
48159
48159
49257
49257
49257
64007
64007
64007
64008
64008
67534
67534
67534
67534
67534
67928
67928
67928
67928
67928
67995
67995
67995
67995
67995
68000
68000
49257
49257
49257
49257
49257
49621
49621
49621
49621
49621
49621
49621
51626
51626
51626
51626
51626
51626
51626
51626
53046
53046
53046
53046
53046
53046
53046
53046
57197
57197
68000
68000
68000
68001
68001
68001
68001
68001
68002
68002
68002
68002
68002
68091
68091
68091
68091
68091
68092
68092
68092
68092
68092
68093
57197
57197
57197
57197
57197
68285
68285
68285
68285
68285
70429
70429
70429
70429
70429
92145
92146
96384
96395
97909
97984
68093
68093
68093
68093
68098
68098
68098
68098
68098
68104
68104
68104
68104
68104
68105
68105
68105
68105
68105
68106
68106
68106
68106
68106
68107
68107
68107
68107
68107
68108
68108
68108
68108
68108
68109
68109
68109
68109
68109
74400
74400
74400
78653
78653
71768
71768
71773
71773
72062
72062
72066
72066
78187
78187
78191
78191
83747
83747
83750
83750
91662
91662
41378
41378
41378
41378
41378
41378
41378
41378
41455
