waranty_id
10000000000
10000000000
10000000000
10000000001
10000000001
10000000002
10000000002
10000000003
10000000003
10000000004
10000000004
10000000005
10000000005
10000000007
10000000007
10000000007
10000000008
10000000008
10000000008
10000000008
10000000009
10000000009
10000000010
10000000010
10000000010
10000000011
10000000011
10000000014
10000000014
10000000015
10000000015
10000000015
10000000017
10000000017
10000000017
10000000018
10000000018
10000000018
10000000019
10000000019
10000000021
10000000021
10000000022
10000000022
10000000022
10000000026
10000000026
10000000026
10000000027
10000000027
10000000027
10000000028
10000000028
10000000030
10000000030
10000000036
10000000036
10000000037
10000000037
10000000037
10000000038
10000000038
10000000040
10000000040
10000000041
10000000041
10000000041
10000000042
10000000042
10000000043
10000000043
10000000044
10000000044
10000000044
10000000045
10000000045
10000000046
10000000046
10000000046
10000000047
10000000047
10000000048
10000000048
10000000048
10000000049
10000000049
10000000050
10000000050
10000000051
10000000051
10000000053
10000000053
10000000054
10000000054
10000000055
10000000055
10000000057
10000000057
10000000058
10000000058
10000000060
10000000060
10000000061
10000000061
10000000062
10000000062
10000000062
10000000063
10000000063
10000000064
10000000064
10000000065
10000000065
10000000065
10000000065
10000000066
10000000066
10000000067
10000000067
10000000067
10000000067
10000000069
10000000069
10000000071
10000000071
10000000072
10000000072
10000000072
10000000074
10000000074
10000000075
10000000075
10000000075
10000000076
10000000076
10000000076
10000000076
10000000078
10000000078
10000000078
10000000079
10000000079
10000000080
10000000080
10000000080
10000000082
10000000082
10000000083
10000000083
10000000083
10000000085
10000000085
10000000085
10000000086
10000000086
10000000088
10000000088
10000000088
10000000089
10000000089
10000000091
10000000091
10000000092
10000000092
10000000092
10000000093
10000000093
10000000095
10000000095
10000000095
10000000096
10000000096
10000000099
10000000099
10000000101
10000000101
10000000102
10000000102
10000000103
10000000103
10000000105
10000000105
10000000107
10000000107
10000000108
10000000108
10000000111
10000000111
10000000111
10000000111
10000000112
10000000112
10000000112
10000000112
10000000114
10000000114
10000000114
10000000114
10000000115
10000000115
10000000115
10000000117
10000000117
10000000118
10000000118
10000000118
10000000119
10000000119
10000000119
10000000120
10000000120
10000000120
10000000121
10000000121
10000000122
10000000122
10000000123
10000000123
10000000124
10000000124
10000000124
10000000125
10000000125
10000000126
10000000126
10000000126
10000000127
10000000127
10000000128
10000000128
10000000129
10000000129
10000000130
10000000130
10000000130
10000000130
10000000131
10000000131
10000000132
10000000132
10000000133
10000000133
10000000134
10000000134
10000000135
10000000135
10000000135
10000000135
10000000136
10000000136
10000000137
10000000137
10000000139
10000000139
10000000139
10000000139
10000000142
10000000142
10000000143
10000000143
10000000143
10000000144
10000000144
10000000145
10000000145
10000000147
10000000147
10000000147
10000000148
10000000148
10000000149
10000000149
10000000152
10000000152
10000000154
10000000154
10000000155
10000000155
10000000159
10000000159
10000000160
10000000160
10000000162
10000000162
10000000164
10000000164
10000000165
10000000165
10000000166
10000000166
10000000168
10000000168
10000000169
10000000169
10000000170
10000000170
10000000170
10000000172
10000000172
10000000173
10000000173
10000000173
10000000175
10000000175
10000000176
10000000176
10000000176
10000000177
10000000177
10000000177
10000000179
10000000179
10000000181
10000000182
10000000182
10000000183
10000000183
10000000183
10000000185
10000000185
10000000186
10000000186
10000000186
10000000188
10000000188
10000000188
10000000188
10000000190
10000000190
10000000190
10000000192
10000000192
10000000193
10000000193
10000000193
10000000195
10000000195
10000000198
10000000198
10000000200
10000000200
10000000200
10000000201
10000000201
10000000203
10000000203
10000000204
10000000204
10000000204
10000000206
10000000206
10000000208
10000000208
10000000208
10000000208
10000000209
10000000209
10000000209
10000000213
10000000213
10000000216
10000000216
10000000216
10000000216
10000000218
10000000218
10000000220
10000000220
10000000220
10000000222
10000000222
10000000223
10000000223
10000000223
10000000224
10000000224
10000000224
10000000224
10000000226
10000000226
10000000226
10000000227
10000000227
10000000228
10000000228
10000000228
10000000231
10000000231
10000000235
10000000235
10000000240
10000000240
10000000241
10000000241
10000000243
10000000243
10000000244
10000000244
10000000245
10000000245
10000000246
10000000246
10000000248
10000000248
10000000249
10000000249
10000000250
10000000250
10000000250
10000000250
10000000252
10000000252
10000000252
10000000252
10000000253
10000000253
10000000253
10000000255
10000000255
10000000256
10000000256
10000000256
10000000256
10000000258
10000000259
10000000259
10000000261
10000000261
10000000265
10000000265
10000000268
10000000268
10000000270
10000000270
10000000272
10000000272
10000000277
10000000277
10000000279
10000000279
10000000280
10000000280
10000000281
10000000281
10000000282
10000000282
10000000285
10000000285
10000000286
10000000286
10000000287
10000000287
10000000291
10000000291
10000000292
10000000292
10000000294
10000000294
10000000295
10000000295
10000000297
10000000297
10000000299
10000000299
10000000301
10000000301
10000000302
10000000302
10000000302
10000000302
10000000304
10000000304
10000000307
10000000307
10000000309
10000000309
10000000310
10000000310
10000000312
10000000312
10000000312
10000000313
10000000313
10000000313
10000000314
10000000314
10000000314
10000000316
10000000316
10000000317
10000000317
10000000317
10000000319
10000000319
10000000319
10000000321
10000000321
10000000322
10000000322
10000000323
10000000323
10000000323
10000000324
10000000324
10000000326
10000000326
10000000327
10000000327
10000000327
10000000332
10000000332
10000000334
10000000334
10000000336
10000000336
10000000338
10000000338
10000000343
10000000343
10000000345
10000000345
10000000348
10000000348
10000000350
10000000350
10000000352
10000000352
10000000353
10000000353
10000000354
10000000354
10000000357
10000000357
10000000359
10000000359
10000000360
10000000360
10000000362
10000000362
10000000363
10000000363
10000000365
10000000365
10000000366
10000000366
10000000367
10000000367
10000000368
10000000368
10000000370
10000000370
10000000370
10000000370
10000000371
10000000372
10000000372
10000000372
10000000373
10000000375
10000000375
10000000376
10000000376
10000000376
10000000378
10000000378
10000000378
10000000380
10000000380
10000000381
10000000381
10000000381
10000000382
10000000382
10000000382
10000000383
10000000383
10000000384
10000000384
10000000384
10000000386
10000000386
10000000388
10000000388
10000000388
10000000391
10000000391
10000000394
10000000394
10000000397
10000000397
10000000399
10000000399
10000000401
10000000401
10000000403
10000000403
10000000407
10000000407
10000000410
10000000410
10000000412
10000000412
10000000414
10000000414
10000000417
10000000417
10000000419
10000000419
10000000420
10000000420
10000000422
10000000422
10000000425
10000000425
10000000426
10000000426
10000000427
10000000427
10000000430
10000000430
10000000431
10000000431
10000000433
10000000433
10000000435
10000000435
10000000436
10000000436
10000000438
10000000438
10000000439
10000000439
10000000440
10000000440
10000000442
10000000442
10000000442
10000000445
10000000445
10000000445
10000000449
10000000449
10000000450
10000000450
10000000451
10000000451
10000000451
10000000453
10000000453
10000000454
10000000454
10000000456
10000000456
10000000457
10000000457
10000000457
10000000458
10000000458
10000000460
10000000460
10000000460
10000000461
10000000461
10000000461
10000000463
10000000463
10000000463
10000000465
10000000466
10000000466
10000000467
10000000467
10000000467
10000000468
10000000468
10000000468
10000000469
10000000471
10000000471
10000000471
10000000471
10000000473
10000000473
10000000476
10000000476
10000000479
10000000479
10000000480
10000000480
10000000480
10000000480
10000000482
10000000482
10000000483
10000000483
10000000483
10000000484
10000000484
10000000486
10000000486
10000000487
10000000487
10000000487
10000000487
10000000489
10000000489
10000000492
10000000492
10000000495
10000000495
10000000495
10000000499
10000000499
10000000501
10000000501
10000000503
10000000503
10000000505
10000000505
10000000507
10000000507
10000000508
10000000508
10000000511
10000000511
10000000512
10000000512
10000000514
10000000514
10000000516
10000000516
10000000517
10000000517
10000000519
10000000519
10000000520
10000000520
10000000520
10000000521
10000000521
10000000523
10000000523
10000000524
10000000524
10000000524
10000000526
10000000526
10000000526
10000000528
10000000528
10000000532
10000000532
10000000535
10000000535
10000000539
10000000539
10000000540
10000000540
10000000541
10000000541
10000000541
10000000542
10000000543
10000000544
10000000544
10000000544
10000000545
10000000546
10000000546
10000000546
10000000547
10000000547
10000000547
10000000549
10000000549
10000000550
10000000550
10000000551
10000000551
10000000551
10000000551
10000000554
10000000554
10000000554
10000000555
10000000555
10000000557
10000000557
10000000563
10000000563
10000000565
10000000565
10000000565
10000000565
10000000568
10000000568
10000000570
10000000570
10000000571
10000000571
10000000573
10000000573
10000000574
10000000574
10000000575
10000000575
10000000575
10000000575
10000000577
10000000577
10000000578
10000000578
10000000579
10000000579
10000000580
10000000580
10000000580
10000000581
10000000581
10000000584
10000000584
10000000584
10000000585
10000000585
10000000585
10000000587
10000000587
10000000588
10000000588
10000000588
10000000589
10000000589
10000000592
10000000592
10000000594
10000000594
10000000597
10000000597
10000000601
10000000601
10000000603
10000000603
10000000605
10000000605
10000000608
10000000608
10000000610
10000000610
10000000610
10000000611
10000000612
10000000612
10000000612
10000000613
10000000614
10000000614
10000000614
10000000615
10000000615
10000000615
10000000615
10000000616
10000000617
10000000617
10000000617
10000000618
10000000618
10000000619
10000000619
10000000619
10000000622
10000000622
10000000625
10000000625
10000000629
10000000629
10000000629
10000000629
10000000630
10000000630
10000000630
10000000630
10000000631
10000000631
10000000633
10000000633
10000000634
10000000634
10000000636
10000000636
10000000636
10000000636
10000000637
10000000637
10000000637
10000000638
10000000638
10000000638
10000000638
10000000639
10000000639
10000000641
10000000641
10000000641
10000000642
10000000642
10000000643
10000000647
10000000647
10000000649
10000000649
10000000650
10000000650
10000000652
10000000652
10000000653
10000000653
10000000654
10000000654
10000000656
10000000656
10000000656
10000000656
10000000657
10000000657
10000000658
10000000658
10000000663
10000000663
10000000667
10000000667
10000000669
10000000669
10000000670
10000000670
10000000670
10000000670
10000000674
10000000674
10000000677
10000000677
10000000680
10000000680
10000000681
10000000681
10000000681
10000000682
10000000682
10000000682
10000000684
10000000684
10000000685
10000000685
10000000685
10000000685
10000000686
10000000686
10000000686
10000000687
10000000687
10000000687
10000000688
10000000688
10000000688
10000000689
10000000690
10000000690
10000000691
10000000691
10000000692
10000000692
10000000695
10000000695
10000000696
10000000696
10000000697
10000000697
10000000697
10000000697
10000000698
10000000698
10000000698
10000000698
10000000699
10000000699
10000000700
10000000702
10000000702
10000000703
10000000703
10000000703
10000000704
10000000704
10000000706
10000000708
10000000708
10000000710
10000000710
10000000710
10000000710
