13 1468295066 0.534786 0.400000 0.533638 0.535933 0.114399
22 1468295066 0.228175 0.400000 0.226664 0.229685 0.020826
19 1468295066 0.000221 0.400000 0.000207 0.000236 0.000000
16 1468295066 1.571668 0.400000 1.570585 1.572750 0.988056
13 1468295067 0.534786 0.400000 0.533638 0.535933 0.114399
22 1468295067 0.228175 0.400000 0.226664 0.229685 0.020826
19 1468295067 0.000221 0.400000 0.000207 0.000236 0.000000
16 1468295067 1.571668 0.400000 1.570585 1.572750 0.988056
13 1468295068 0.534786 0.400000 0.533638 0.535933 0.114399
16 1468295068 1.571668 0.400000 1.570585 1.572750 0.988056
22 1468295068 0.228175 0.400000 0.226664 0.229685 0.020826
19 1468295068 0.000221 0.400000 0.000207 0.000236 0.000000
13 1468295069 0.534786 0.400000 0.533638 0.535933 0.114399
22 1468295069 0.228175 0.400000 0.226664 0.229685 0.020826
19 1468295069 0.000221 0.400000 0.000207 0.000236 0.000000
16 1468295069 1.571668 0.400000 1.570585 1.572750 0.988056
13 1468295070 0.534786 0.400000 0.533638 0.535933 0.114399
22 1468295070 0.228175 0.400000 0.226664 0.229685 0.020826
19 1468295070 0.000221 0.400000 0.000207 0.000236 0.000000
16 1468295070 1.571668 0.400000 1.570585 1.572750 0.988056
13 1468295071 0.233612 0.400000 0.233355 0.233869 0.021830
22 1468295071 0.231743 0.400000 0.230006 0.233480 0.021483
37 1468295071 0.233979 0.800000 0.232027 0.236525 0.043799
16 1468295071 1.234043 1.600000 1.231665 1.236891 2.436586
13 1468295072 0.233612 0.400000 0.233355 0.233869 0.021830
22 1468295072 0.231743 0.400000 0.230006 0.233480 0.021483
37 1468295072 0.233979 0.800000 0.232027 0.236525 0.043799
16 1468295072 1.234043 1.600000 1.231665 1.236891 2.436586
37 1468295073 0.233979 0.800000 0.232027 0.236525 0.043799
13 1468295073 0.233612 0.400000 0.233355 0.233869 0.021830
16 1468295073 1.234043 1.600000 1.231665 1.236891 2.436586
22 1468295073 0.231743 0.400000 0.230006 0.233480 0.021483
13 1468295074 0.233612 0.400000 0.233355 0.233869 0.021830
22 1468295074 0.231743 0.400000 0.230006 0.233480 0.021483
37 1468295074 0.233979 0.800000 0.232027 0.236525 0.043799
16 1468295074 1.234043 1.600000 1.231665 1.236891 2.436586
13 1468295075 0.233612 0.400000 0.233355 0.233869 0.021830
22 1468295075 0.231743 0.400000 0.230006 0.233480 0.021483
37 1468295075 0.233979 0.800000 0.232027 0.236525 0.043799
16 1468295075 1.234043 1.600000 1.231665 1.236891 2.436586
13 1468295076 0.233558 0.800000 0.231018 0.236933 0.043644
22 1468295076 0.232783 0.400000 0.231842 0.233725 0.021676
37 1468295076 0.233987 0.400000 0.233935 0.234039 0.021900
16 1468295076 1.234445 1.600000 1.232764 1.236736 2.438170
13 1468295077 0.233558 0.800000 0.231018 0.236933 0.043644
22 1468295077 0.232783 0.400000 0.231842 0.233725 0.021676
37 1468295077 0.233987 0.400000 0.233935 0.234039 0.021900
16 1468295077 1.234445 1.600000 1.232764 1.236736 2.438170
37 1468295078 0.233987 0.400000 0.233935 0.234039 0.021900
13 1468295078 0.233558 0.800000 0.231018 0.236933 0.043644
16 1468295078 1.234445 1.600000 1.232764 1.236736 2.438170
22 1468295078 0.232783 0.400000 0.231842 0.233725 0.021676
13 1468295079 0.233558 0.800000 0.231018 0.236933 0.043644
22 1468295079 0.232783 0.400000 0.231842 0.233725 0.021676
37 1468295079 0.233987 0.400000 0.233935 0.234039 0.021900
16 1468295079 1.234445 1.600000 1.232764 1.236736 2.438170
13 1468295080 0.233558 0.800000 0.231018 0.236933 0.043644
22 1468295080 0.232783 0.400000 0.231842 0.233725 0.021676
37 1468295080 0.233987 0.400000 0.233935 0.234039 0.021900
16 1468295080 1.234445 1.600000 1.232764 1.236736 2.438170
13 1468295081 0.233520 1.200000 0.230569 0.236364 0.065442
22 1468295081 0.232872 1.200000 0.227960 0.235689 0.065082
19 1468295081 0.000203 0.400000 0.000183 0.000222 0.000000
37 1468295081 0.236496 0.800000 0.230374 0.241621 0.044759
16 1468295081 1.238028 2.800000 1.233814 1.247500 4.291630
13 1468295082 0.233520 1.200000 0.230569 0.236364 0.065442
22 1468295082 0.232872 1.200000 0.227960 0.235689 0.065082
19 1468295082 0.000203 0.400000 0.000183 0.000222 0.000000
37 1468295082 0.236496 0.800000 0.230374 0.241621 0.044759
16 1468295082 1.238028 2.800000 1.233814 1.247500 4.291630
37 1468295083 0.236496 0.800000 0.230374 0.241621 0.044759
13 1468295083 0.233520 1.200000 0.230569 0.236364 0.065442
16 1468295083 1.238028 2.800000 1.233814 1.247500 4.291630
22 1468295083 0.232872 1.200000 0.227960 0.235689 0.065082
19 1468295083 0.000203 0.400000 0.000183 0.000222 0.000000
13 1468295084 0.233520 1.200000 0.230569 0.236364 0.065442
22 1468295084 0.232872 1.200000 0.227960 0.235689 0.065082
19 1468295084 0.000203 0.400000 0.000183 0.000222 0.000000
37 1468295084 0.236496 0.800000 0.230374 0.241621 0.044759
16 1468295084 1.238028 2.800000 1.233814 1.247500 4.291630
13 1468295085 0.233520 1.200000 0.230569 0.236364 0.065442
22 1468295085 0.232872 1.200000 0.227960 0.235689 0.065082
19 1468295085 0.000203 0.400000 0.000183 0.000222 0.000000
37 1468295085 0.236496 0.800000 0.230374 0.241621 0.044759
16 1468295085 1.238028 2.800000 1.233814 1.247500 4.291630
13 1468295086 0.236447 0.800000 0.233262 0.242635 0.044736
22 1468295086 0.229946 1.200000 0.225786 0.231979 0.063455
37 1468295086 0.232675 1.200000 0.230128 0.235463 0.064969
16 1468295086 1.234487 3.200000 1.227610 1.243945 4.876708
13 1468295087 0.236447 0.800000 0.233262 0.242635 0.044736
22 1468295087 0.229946 1.200000 0.225786 0.231979 0.063455
37 1468295087 0.232675 1.200000 0.230128 0.235463 0.064969
16 1468295087 1.234487 3.200000 1.227610 1.243945 4.876708
37 1468295088 0.232675 1.200000 0.230128 0.235463 0.064969
13 1468295088 0.236447 0.800000 0.233262 0.242635 0.044736
16 1468295088 1.234487 3.200000 1.227610 1.243945 4.876708
22 1468295088 0.229946 1.200000 0.225786 0.231979 0.063455
13 1468295089 0.236447 0.800000 0.233262 0.242635 0.044736
22 1468295089 0.229946 1.200000 0.225786 0.231979 0.063455
37 1468295089 0.232675 1.200000 0.230128 0.235463 0.064969
16 1468295089 1.234487 3.200000 1.227610 1.243945 4.876708
13 1468295090 0.236447 0.800000 0.233262 0.242635 0.044736
22 1468295090 0.229946 1.200000 0.225786 0.231979 0.063455
37 1468295090 0.232675 1.200000 0.230128 0.235463 0.064969
16 1468295090 1.234487 3.200000 1.227610 1.243945 4.876708
13 1468295091 0.248652 1.200000 0.230428 0.283569 0.074859
22 1468295091 0.240880 0.800000 0.231047 0.250288 0.046479
37 1468295091 0.232171 1.200000 0.229466 0.234803 0.064689
16 1468295091 1.236189 3.200000 1.230879 1.251742 4.890242
13 1468295092 0.248652 1.200000 0.230428 0.283569 0.074859
22 1468295092 0.240880 0.800000 0.231047 0.250288 0.046479
37 1468295092 0.232171 1.200000 0.229466 0.234803 0.064689
16 1468295092 1.236189 3.200000 1.230879 1.251742 4.890242
37 1468295093 0.232171 1.200000 0.229466 0.234803 0.064689
13 1468295093 0.248652 1.200000 0.230428 0.283569 0.074859
16 1468295093 1.236189 3.200000 1.230879 1.251742 4.890242
22 1468295093 0.240880 0.800000 0.231047 0.250288 0.046479
13 1468295094 0.248652 1.200000 0.230428 0.283569 0.074859
22 1468295094 0.240880 0.800000 0.231047 0.250288 0.046479
37 1468295094 0.232171 1.200000 0.229466 0.234803 0.064689
16 1468295094 1.236189 3.200000 1.230879 1.251742 4.890242
13 1468295095 0.248652 1.200000 0.230428 0.283569 0.074859
22 1468295095 0.240880 0.800000 0.231047 0.250288 0.046479
37 1468295095 0.232171 1.200000 0.229466 0.234803 0.064689
16 1468295095 1.236189 3.200000 1.230879 1.251742 4.890242
13 1468295096 0.230747 1.600000 0.225409 0.234251 0.085204
22 1468295096 0.230823 1.400000 0.226488 0.233533 0.074600
19 1468295096 0.000222 0.200000 0.000222 0.000222 0.000000
37 1468295096 0.230309 1.000000 0.228111 0.234854 0.053048
16 1468295096 1.238523 3.800000 1.229889 1.284890 5.829917
13 1468295097 0.230747 1.600000 0.225409 0.234251 0.085204
22 1468295097 0.230823 1.400000 0.226488 0.233533 0.074600
19 1468295097 0.000222 0.200000 0.000222 0.000222 0.000000
37 1468295097 0.230309 1.000000 0.228111 0.234854 0.053048
16 1468295097 1.238523 3.800000 1.229889 1.284890 5.829917
37 1468295098 0.230309 1.000000 0.228111 0.234854 0.053048
13 1468295098 0.230747 1.600000 0.225409 0.234251 0.085204
16 1468295098 1.238523 3.800000 1.229889 1.284890 5.829917
22 1468295098 0.230823 1.400000 0.226488 0.233533 0.074600
19 1468295098 0.000222 0.200000 0.000222 0.000222 0.000000
13 1468295099 0.230747 1.600000 0.225409 0.234251 0.085204
22 1468295099 0.230823 1.400000 0.226488 0.233533 0.074600
19 1468295099 0.000222 0.200000 0.000222 0.000222 0.000000
37 1468295099 0.230309 1.000000 0.228111 0.234854 0.053048
16 1468295099 1.238523 3.800000 1.229889 1.284890 5.829917
13 1468295100 0.230747 1.600000 0.225409 0.234251 0.085204
22 1468295100 0.230823 1.400000 0.226488 0.233533 0.074600
19 1468295100 0.000222 0.200000 0.000222 0.000222 0.000000
37 1468295100 0.230309 1.000000 0.228111 0.234854 0.053048
16 1468295100 1.238523 3.800000 1.229889 1.284890 5.829917
13 1468295101 0.235626 1.000000 0.230119 0.252289 0.055589
13 1468295102 0.235626 1.000000 0.230119 0.252289 0.055589
22 1468295101 0.233173 1.600000 0.227193 0.245696 0.087034
22 1468295102 0.233173 1.600000 0.227193 0.245696 0.087034
37 1468295101 0.233740 1.400000 0.231191 0.239439 0.076497
37 1468295102 0.233740 1.400000 0.231191 0.239439 0.076497
16 1468295101 1.235630 4.400000 1.227713 1.253817 6.717964
16 1468295102 1.235630 4.400000 1.227713 1.253817 6.717964
13 1468295103 0.235626 1.000000 0.230119 0.252289 0.055589
22 1468295103 0.233173 1.600000 0.227193 0.245696 0.087034
37 1468295103 0.233740 1.400000 0.231191 0.239439 0.076497
16 1468295103 1.235630 4.400000 1.227713 1.253817 6.717964
13 1468295104 0.235626 1.000000 0.230119 0.252289 0.055589
22 1468295104 0.233173 1.600000 0.227193 0.245696 0.087034
37 1468295104 0.233740 1.400000 0.231191 0.239439 0.076497
16 1468295104 1.235630 4.400000 1.227713 1.253817 6.717964
13 1468295105 0.235626 1.000000 0.230119 0.252289 0.055589
22 1468295105 0.233173 1.600000 0.227193 0.245696 0.087034
37 1468295105 0.233740 1.400000 0.231191 0.239439 0.076497
16 1468295105 1.235630 4.400000 1.227713 1.253817 6.717964
13 1468295106 0.233147 1.400000 0.227231 0.240523 0.076123
22 1468295106 0.232989 1.000000 0.226684 0.237477 0.054298
37 1468295106 0.232198 1.600000 0.225892 0.236503 0.086279
16 1468295106 1.234414 4.000000 1.227945 1.242622 6.095156
13 1468295107 0.233147 1.400000 0.227231 0.240523 0.076123
22 1468295107 0.232989 1.000000 0.226684 0.237477 0.054298
37 1468295107 0.232198 1.600000 0.225892 0.236503 0.086279
16 1468295107 1.234414 4.000000 1.227945 1.242622 6.095156
37 1468295108 0.232198 1.600000 0.225892 0.236503 0.086279
13 1468295108 0.233147 1.400000 0.227231 0.240523 0.076123
16 1468295108 1.234414 4.000000 1.227945 1.242622 6.095156
22 1468295108 0.232989 1.000000 0.226684 0.237477 0.054298
13 1468295109 0.233147 1.400000 0.227231 0.240523 0.076123
22 1468295109 0.232989 1.000000 0.226684 0.237477 0.054298
37 1468295109 0.232198 1.600000 0.225892 0.236503 0.086279
16 1468295109 1.234414 4.000000 1.227945 1.242622 6.095156
13 1468295110 0.233147 1.400000 0.227231 0.240523 0.076123
22 1468295110 0.232989 1.000000 0.226684 0.237477 0.054298
37 1468295110 0.232198 1.600000 0.225892 0.236503 0.086279
16 1468295110 1.234414 4.000000 1.227945 1.242622 6.095156
13 1468295111 0.235356 1.600000 0.232878 0.243128 0.088644
22 1468295111 0.233448 1.400000 0.227348 0.247433 0.076348
37 1468295111 0.233161 1.000000 0.230514 0.237048 0.054371
16 1468295111 1.235755 4.000000 1.230489 1.250500 6.108446
13 1468295112 0.235356 1.600000 0.232878 0.243128 0.088644
22 1468295112 0.233448 1.400000 0.227348 0.247433 0.076348
37 1468295112 0.233161 1.000000 0.230514 0.237048 0.054371
16 1468295112 1.235755 4.000000 1.230489 1.250500 6.108446
37 1468295113 0.233161 1.000000 0.230514 0.237048 0.054371
13 1468295113 0.235356 1.600000 0.232878 0.243128 0.088644
16 1468295113 1.235755 4.000000 1.230489 1.250500 6.108446
22 1468295113 0.233448 1.400000 0.227348 0.247433 0.076348
13 1468295114 0.235356 1.600000 0.232878 0.243128 0.088644
22 1468295114 0.233448 1.400000 0.227348 0.247433 0.076348
37 1468295114 0.233161 1.000000 0.230514 0.237048 0.054371
16 1468295114 1.235755 4.000000 1.230489 1.250500 6.108446
13 1468295115 0.235356 1.600000 0.232878 0.243128 0.088644
22 1468295115 0.233448 1.400000 0.227348 0.247433 0.076348
37 1468295115 0.233161 1.000000 0.230514 0.237048 0.054371
16 1468295115 1.235755 4.000000 1.230489 1.250500 6.108446
13 1468295116 0.233378 1.000000 0.231807 0.234550 0.054466
22 1468295116 0.233176 1.600000 0.229739 0.236892 0.087001
37 1468295116 0.232651 1.400000 0.228694 0.239983 0.075794
16 1468295116 1.234328 4.000000 1.229818 1.240844 6.094284
13 1468295117 0.233378 1.000000 0.231807 0.234550 0.054466
22 1468295117 0.233176 1.600000 0.229739 0.236892 0.087001
37 1468295117 0.232651 1.400000 0.228694 0.239983 0.075794
16 1468295117 1.234328 4.000000 1.229818 1.240844 6.094284
37 1468295118 0.232651 1.400000 0.228694 0.239983 0.075794
13 1468295118 0.233378 1.000000 0.231807 0.234550 0.054466
16 1468295118 1.234328 4.000000 1.229818 1.240844 6.094284
22 1468295118 0.233176 1.600000 0.229739 0.236892 0.087001
13 1468295119 0.233378 1.000000 0.231807 0.234550 0.054466
22 1468295119 0.233176 1.600000 0.229739 0.236892 0.087001
37 1468295119 0.232651 1.400000 0.228694 0.239983 0.075794
16 1468295119 1.234328 4.000000 1.229818 1.240844 6.094284
13 1468295120 0.233378 1.000000 0.231807 0.234550 0.054466
22 1468295120 0.233176 1.600000 0.229739 0.236892 0.087001
37 1468295120 0.232651 1.400000 0.228694 0.239983 0.075794
16 1468295120 1.234328 4.000000 1.229818 1.240844 6.094284
13 1468295121 0.232922 1.400000 0.231057 0.233479 0.075955
22 1468295121 0.232474 1.400000 0.226900 0.237783 0.075677
37 1468295121 0.232281 1.600000 0.229522 0.235885 0.086333
16 1468295121 1.234718 4.000000 1.228844 1.240756 6.098141
13 1468295122 0.232922 1.400000 0.231057 0.233479 0.075955
22 1468295122 0.232474 1.400000 0.226900 0.237783 0.075677
37 1468295122 0.232281 1.600000 0.229522 0.235885 0.086333
16 1468295122 1.234718 4.000000 1.228844 1.240756 6.098141
37 1468295123 0.232281 1.600000 0.229522 0.235885 0.086333
13 1468295123 0.232922 1.400000 0.231057 0.233479 0.075955
16 1468295123 1.234718 4.000000 1.228844 1.240756 6.098141
22 1468295123 0.232474 1.400000 0.226900 0.237783 0.075677
13 1468295124 0.232922 1.400000 0.231057 0.233479 0.075955
22 1468295124 0.232474 1.400000 0.226900 0.237783 0.075677
37 1468295124 0.232281 1.600000 0.229522 0.235885 0.086333
16 1468295124 1.234718 4.000000 1.228844 1.240756 6.098141
13 1468295125 0.232922 1.400000 0.231057 0.233479 0.075955
22 1468295125 0.232474 1.400000 0.226900 0.237783 0.075677
37 1468295125 0.232281 1.600000 0.229522 0.235885 0.086333
16 1468295125 1.234718 4.000000 1.228844 1.240756 6.098141
13 1468295126 0.239656 1.600000 0.230215 0.266151 0.092095
22 1468295126 0.231868 1.000000 0.231044 0.233637 0.053764
37 1468295126 0.270380 1.000000 0.230740 0.328126 0.075279
16 1468295126 1.247222 4.000000 1.231925 1.331536 6.225673
13 1468295127 0.239656 1.600000 0.230215 0.266151 0.092095
22 1468295127 0.231868 1.000000 0.231044 0.233637 0.053764
37 1468295127 0.270380 1.000000 0.230740 0.328126 0.075279
16 1468295127 1.247222 4.000000 1.231925 1.331536 6.225673
37 1468295128 0.270380 1.000000 0.230740 0.328126 0.075279
13 1468295128 0.239656 1.600000 0.230215 0.266151 0.092095
16 1468295128 1.247222 4.000000 1.231925 1.331536 6.225673
22 1468295128 0.231868 1.000000 0.231044 0.233637 0.053764
13 1468295129 0.239656 1.600000 0.230215 0.266151 0.092095
22 1468295129 0.231868 1.000000 0.231044 0.233637 0.053764
37 1468295129 0.270380 1.000000 0.230740 0.328126 0.075279
16 1468295129 1.247222 4.000000 1.231925 1.331536 6.225673
13 1468295130 0.239656 1.600000 0.230215 0.266151 0.092095
22 1468295130 0.231868 1.000000 0.231044 0.233637 0.053764
37 1468295130 0.270380 1.000000 0.230740 0.328126 0.075279
16 1468295130 1.247222 4.000000 1.231925 1.331536 6.225673
13 1468295131 0.232809 1.400000 0.225830 0.237135 0.075898
22 1468295131 0.233327 1.600000 0.228242 0.240883 0.087127
37 1468295131 0.230916 1.400000 0.225266 0.233391 0.074660
16 1468295131 1.234257 4.000000 1.226956 1.242801 6.093622
13 1468295132 0.232809 1.400000 0.225830 0.237135 0.075898
22 1468295132 0.233327 1.600000 0.228242 0.240883 0.087127
37 1468295132 0.230916 1.400000 0.225266 0.233391 0.074660
16 1468295132 1.234257 4.000000 1.226956 1.242801 6.093622
37 1468295133 0.230916 1.400000 0.225266 0.233391 0.074660
13 1468295133 0.232809 1.400000 0.225830 0.237135 0.075898
16 1468295133 1.234257 4.000000 1.226956 1.242801 6.093622
22 1468295133 0.233327 1.600000 0.228242 0.240883 0.087127
13 1468295134 0.232809 1.400000 0.225830 0.237135 0.075898
22 1468295134 0.233327 1.600000 0.228242 0.240883 0.087127
37 1468295134 0.230916 1.400000 0.225266 0.233391 0.074660
16 1468295134 1.234257 4.000000 1.226956 1.242801 6.093622
13 1468295135 0.232809 1.400000 0.225830 0.237135 0.075898
22 1468295135 0.233327 1.600000 0.228242 0.240883 0.087127
37 1468295135 0.230916 1.400000 0.225266 0.233391 0.074660
16 1468295135 1.234257 4.000000 1.226956 1.242801 6.093622
13 1468295136 0.233832 1.000000 0.229489 0.240681 0.054694
22 1468295136 0.236809 1.400000 0.231354 0.244519 0.078535
37 1468295136 0.234985 1.600000 0.228384 0.242254 0.088387
16 1468295136 1.236476 4.000000 1.230938 1.245753 6.115559
13 1468295137 0.233832 1.000000 0.229489 0.240681 0.054694
22 1468295137 0.236809 1.400000 0.231354 0.244519 0.078535
37 1468295137 0.234985 1.600000 0.228384 0.242254 0.088387
16 1468295137 1.236476 4.000000 1.230938 1.245753 6.115559
37 1468295138 0.234985 1.600000 0.228384 0.242254 0.088387
13 1468295138 0.233832 1.000000 0.229489 0.240681 0.054694
16 1468295138 1.236476 4.000000 1.230938 1.245753 6.115559
22 1468295138 0.236809 1.400000 0.231354 0.244519 0.078535
13 1468295139 0.233832 1.000000 0.229489 0.240681 0.054694
22 1468295139 0.236809 1.400000 0.231354 0.244519 0.078535
37 1468295139 0.234985 1.600000 0.228384 0.242254 0.088387
16 1468295139 1.236476 4.000000 1.230938 1.245753 6.115559
13 1468295140 0.233832 1.000000 0.229489 0.240681 0.054694
22 1468295140 0.236809 1.400000 0.231354 0.244519 0.078535
37 1468295140 0.234985 1.600000 0.228384 0.242254 0.088387
16 1468295140 1.236476 4.000000 1.230938 1.245753 6.115559
13 1468295141 0.249132 1.600000 0.228065 0.289556 0.100196
22 1468295141 0.233925 1.000000 0.229942 0.239563 0.054731
37 1468295141 0.235059 1.400000 0.232043 0.241963 0.077371
16 1468295141 1.235381 4.000000 1.229882 1.244788 6.104713
13 1468295142 0.249132 1.600000 0.228065 0.289556 0.100196
22 1468295142 0.233925 1.000000 0.229942 0.239563 0.054731
37 1468295142 0.235059 1.400000 0.232043 0.241963 0.077371
16 1468295142 1.235381 4.000000 1.229882 1.244788 6.104713
37 1468295143 0.235059 1.400000 0.232043 0.241963 0.077371
13 1468295143 0.249132 1.600000 0.228065 0.289556 0.100196
16 1468295143 1.235381 4.000000 1.229882 1.244788 6.104713
22 1468295143 0.233925 1.000000 0.229942 0.239563 0.054731
13 1468295144 0.249132 1.600000 0.228065 0.289556 0.100196
22 1468295144 0.233925 1.000000 0.229942 0.239563 0.054731
37 1468295144 0.235059 1.400000 0.232043 0.241963 0.077371
16 1468295144 1.235381 4.000000 1.229882 1.244788 6.104713
13 1468295145 0.249132 1.600000 0.228065 0.289556 0.100196
22 1468295145 0.233925 1.000000 0.229942 0.239563 0.054731
37 1468295145 0.235059 1.400000 0.232043 0.241963 0.077371
16 1468295145 1.235381 4.000000 1.229882 1.244788 6.104713
13 1468295146 0.230423 1.400000 0.227052 0.234416 0.074344
22 1468295146 0.232996 1.600000 0.229869 0.236997 0.086868
37 1468295146 0.233538 1.000000 0.228248 0.236146 0.054548
16 1468295146 1.241176 4.000000 1.228807 1.291805 6.163238
13 1468295147 0.230423 1.400000 0.227052 0.234416 0.074344
22 1468295147 0.232996 1.600000 0.229869 0.236997 0.086868
37 1468295147 0.233538 1.000000 0.228248 0.236146 0.054548
16 1468295147 1.241176 4.000000 1.228807 1.291805 6.163238
37 1468295148 0.233538 1.000000 0.228248 0.236146 0.054548
13 1468295148 0.230423 1.400000 0.227052 0.234416 0.074344
16 1468295148 1.241176 4.000000 1.228807 1.291805 6.163238
22 1468295148 0.232996 1.600000 0.229869 0.236997 0.086868
13 1468295149 0.230423 1.400000 0.227052 0.234416 0.074344
22 1468295149 0.232996 1.600000 0.229869 0.236997 0.086868
37 1468295149 0.233538 1.000000 0.228248 0.236146 0.054548
16 1468295149 1.241176 4.000000 1.228807 1.291805 6.163238
13 1468295150 0.230423 1.400000 0.227052 0.234416 0.074344
22 1468295150 0.232996 1.600000 0.229869 0.236997 0.086868
37 1468295150 0.233538 1.000000 0.228248 0.236146 0.054548
16 1468295150 1.241176 4.000000 1.228807 1.291805 6.163238
13 1468295151 0.232721 1.000000 0.227511 0.236291 0.054168
22 1468295151 0.238204 1.400000 0.226880 0.248692 0.079511
37 1468295151 0.233021 1.600000 0.225993 0.245128 0.086923
16 1468295151 1.235308 4.000000 1.227973 1.245814 6.104031
13 1468295152 0.232721 1.000000 0.227511 0.236291 0.054168
22 1468295152 0.238204 1.400000 0.226880 0.248692 0.079511
37 1468295152 0.233021 1.600000 0.225993 0.245128 0.086923
16 1468295152 1.235308 4.000000 1.227973 1.245814 6.104031
37 1468295153 0.233021 1.600000 0.225993 0.245128 0.086923
13 1468295153 0.232721 1.000000 0.227511 0.236291 0.054168
16 1468295153 1.235308 4.000000 1.227973 1.245814 6.104031
22 1468295153 0.238204 1.400000 0.226880 0.248692 0.079511
37 1468295154 0.233021 1.600000 0.225993 0.245128 0.086923
37 1468295155 0.233021 1.600000 0.225993 0.245128 0.086923
13 1468295154 0.232721 1.000000 0.227511 0.236291 0.054168
13 1468295155 0.232721 1.000000 0.227511 0.236291 0.054168
16 1468295154 1.235308 4.000000 1.227973 1.245814 6.104031
16 1468295155 1.235308 4.000000 1.227973 1.245814 6.104031
22 1468295154 0.238204 1.400000 0.226880 0.248692 0.079511
22 1468295155 0.238204 1.400000 0.226880 0.248692 0.079511
13 1468295218 0.240880 0.333333 0.240880 0.240880 0.019341
13 1468295217 0.240880 0.333333 0.240880 0.240880 0.019341
13 1468295216 0.240880 0.333333 0.240880 0.240880 0.019341
13 1468295215 0.233952 1.400000 0.227674 0.239776 0.076654
13 1468295214 0.233952 1.400000 0.227674 0.239776 0.076654
13 1468295213 0.233952 1.400000 0.227674 0.239776 0.076654
13 1468295212 0.233952 1.400000 0.227674 0.239776 0.076654
13 1468295211 0.233952 1.400000 0.227674 0.239776 0.076654
13 1468295210 0.231467 1.400000 0.225500 0.234151 0.075018
13 1468295209 0.231467 1.400000 0.225500 0.234151 0.075018
13 1468295208 0.231467 1.400000 0.225500 0.234151 0.075018
13 1468295207 0.231467 1.400000 0.225500 0.234151 0.075018
13 1468295206 0.231467 1.400000 0.225500 0.234151 0.075018
13 1468295205 0.233112 1.600000 0.224836 0.247336 0.087012
13 1468295204 0.233112 1.600000 0.224836 0.247336 0.087012
13 1468295203 0.233112 1.600000 0.224836 0.247336 0.087012
13 1468295202 0.233112 1.600000 0.224836 0.247336 0.087012
13 1468295201 0.233112 1.600000 0.224836 0.247336 0.087012
13 1468295200 0.234778 1.000000 0.227120 0.244297 0.055151
13 1468295199 0.234778 1.000000 0.227120 0.244297 0.055151
13 1468295198 0.234778 1.000000 0.227120 0.244297 0.055151
13 1468295197 0.234778 1.000000 0.227120 0.244297 0.055151
13 1468295196 0.234778 1.000000 0.227120 0.244297 0.055151
13 1468295195 0.231828 1.400000 0.227308 0.235590 0.075252
13 1468295194 0.231828 1.400000 0.227308 0.235590 0.075252
13 1468295193 0.231828 1.400000 0.227308 0.235590 0.075252
13 1468295192 0.231828 1.400000 0.227308 0.235590 0.075252
13 1468295191 0.231828 1.400000 0.227308 0.235590 0.075252
13 1468295190 0.244330 1.600000 0.229365 0.269865 0.095911
13 1468295189 0.244330 1.600000 0.229365 0.269865 0.095911
13 1468295188 0.244330 1.600000 0.229365 0.269865 0.095911
13 1468295187 0.244330 1.600000 0.229365 0.269865 0.095911
13 1468295186 0.244330 1.600000 0.229365 0.269865 0.095911
13 1468295185 0.238298 1.000000 0.234537 0.243951 0.056796
13 1468295184 0.238298 1.000000 0.234537 0.243951 0.056796
13 1468295183 0.238298 1.000000 0.234537 0.243951 0.056796
13 1468295182 0.238298 1.000000 0.234537 0.243951 0.056796
13 1468295181 0.238298 1.000000 0.234537 0.243951 0.056796
13 1468295180 0.236520 1.400000 0.231724 0.245881 0.078345
13 1468295179 0.236520 1.400000 0.231724 0.245881 0.078345
13 1468295178 0.236520 1.400000 0.231724 0.245881 0.078345
13 1468295177 0.236520 1.400000 0.231724 0.245881 0.078345
13 1468295176 0.236520 1.400000 0.231724 0.245881 0.078345
13 1468295175 0.233848 1.600000 0.228019 0.236737 0.087506
13 1468295174 0.233848 1.600000 0.228019 0.236737 0.087506
13 1468295173 0.233848 1.600000 0.228019 0.236737 0.087506
13 1468295172 0.233848 1.600000 0.228019 0.236737 0.087506
13 1468295171 0.233848 1.600000 0.228019 0.236737 0.087506
13 1468295170 0.230543 1.000000 0.225588 0.234352 0.053160
13 1468295169 0.230543 1.000000 0.225588 0.234352 0.053160
13 1468295168 0.230543 1.000000 0.225588 0.234352 0.053160
13 1468295167 0.230543 1.000000 0.225588 0.234352 0.053160
13 1468295166 0.230543 1.000000 0.225588 0.234352 0.053160
13 1468295165 0.234179 1.400000 0.226901 0.240027 0.076798
13 1468295164 0.234179 1.400000 0.226901 0.240027 0.076798
13 1468295163 0.234179 1.400000 0.226901 0.240027 0.076798
13 1468295162 0.234179 1.400000 0.226901 0.240027 0.076798
13 1468295161 0.234179 1.400000 0.226901 0.240027 0.076798
13 1468295160 0.234729 1.600000 0.230755 0.240392 0.088175
13 1468295159 0.234729 1.600000 0.230755 0.240392 0.088175
13 1468295158 0.234729 1.600000 0.230755 0.240392 0.088175
13 1468295157 0.234729 1.600000 0.230755 0.240392 0.088175
13 1468295156 0.234729 1.600000 0.230755 0.240392 0.088175
37 1468295218 0.233813 0.666667 0.233756 0.233870 0.036446
37 1468295217 0.233813 0.666667 0.233756 0.233870 0.036446
37 1468295216 0.233813 0.666667 0.233756 0.233870 0.036446
37 1468295215 0.234176 1.200000 0.229833 0.245902 0.065842
37 1468295214 0.234176 1.200000 0.229833 0.245902 0.065842
37 1468295213 0.234176 1.200000 0.229833 0.245902 0.065842
37 1468295212 0.234176 1.200000 0.229833 0.245902 0.065842
37 1468295211 0.234176 1.200000 0.229833 0.245902 0.065842
37 1468295210 0.232374 1.400000 0.228190 0.237307 0.075610
37 1468295209 0.232374 1.400000 0.228190 0.237307 0.075610
37 1468295208 0.232374 1.400000 0.228190 0.237307 0.075610
37 1468295207 0.232374 1.400000 0.228190 0.237307 0.075610
37 1468295206 0.232374 1.400000 0.228190 0.237307 0.075610
37 1468295205 0.234197 1.400000 0.226605 0.246129 0.076833
37 1468295204 0.234197 1.400000 0.226605 0.246129 0.076833
37 1468295203 0.234197 1.400000 0.226605 0.246129 0.076833
37 1468295202 0.234197 1.400000 0.226605 0.246129 0.076833
37 1468295201 0.234197 1.400000 0.226605 0.246129 0.076833
37 1468295200 0.235200 1.600000 0.229985 0.241576 0.088536
37 1468295199 0.235200 1.600000 0.229985 0.241576 0.088536
37 1468295198 0.235200 1.600000 0.229985 0.241576 0.088536
37 1468295197 0.235200 1.600000 0.229985 0.241576 0.088536
37 1468295196 0.235200 1.600000 0.229985 0.241576 0.088536
37 1468295195 0.233543 1.000000 0.231980 0.235094 0.054544
37 1468295194 0.233543 1.000000 0.231980 0.235094 0.054544
37 1468295193 0.233543 1.000000 0.231980 0.235094 0.054544
37 1468295192 0.233543 1.000000 0.231980 0.235094 0.054544
37 1468295191 0.233543 1.000000 0.231980 0.235094 0.054544
37 1468295190 0.263611 1.400000 0.231070 0.293549 0.097875
37 1468295189 0.263611 1.400000 0.231070 0.293549 0.097875
37 1468295188 0.263611 1.400000 0.231070 0.293549 0.097875
37 1468295187 0.263611 1.400000 0.231070 0.293549 0.097875
37 1468295186 0.263611 1.400000 0.231070 0.293549 0.097875
37 1468295185 0.241270 1.600000 0.228450 0.300098 0.093970
37 1468295184 0.241270 1.600000 0.228450 0.300098 0.093970
37 1468295183 0.241270 1.600000 0.228450 0.300098 0.093970
37 1468295182 0.241270 1.600000 0.228450 0.300098 0.093970
37 1468295181 0.241270 1.600000 0.228450 0.300098 0.093970
37 1468295180 0.228554 1.000000 0.225602 0.233296 0.052245
37 1468295179 0.228554 1.000000 0.225602 0.233296 0.052245
37 1468295178 0.228554 1.000000 0.225602 0.233296 0.052245
37 1468295177 0.228554 1.000000 0.225602 0.233296 0.052245
37 1468295176 0.228554 1.000000 0.225602 0.233296 0.052245
37 1468295175 0.233795 1.400000 0.230448 0.236966 0.076531
37 1468295174 0.233795 1.400000 0.230448 0.236966 0.076531
37 1468295173 0.233795 1.400000 0.230448 0.236966 0.076531
37 1468295172 0.233795 1.400000 0.230448 0.236966 0.076531
37 1468295171 0.233795 1.400000 0.230448 0.236966 0.076531
37 1468295170 0.231306 1.600000 0.228617 0.237193 0.085616
37 1468295169 0.231306 1.600000 0.228617 0.237193 0.085616
37 1468295168 0.231306 1.600000 0.228617 0.237193 0.085616
37 1468295167 0.231306 1.600000 0.228617 0.237193 0.085616
37 1468295166 0.231306 1.600000 0.228617 0.237193 0.085616
37 1468295165 0.235981 1.000000 0.232306 0.240924 0.055701
37 1468295164 0.235981 1.000000 0.232306 0.240924 0.055701
37 1468295163 0.235981 1.000000 0.232306 0.240924 0.055701
37 1468295162 0.235981 1.000000 0.232306 0.240924 0.055701
37 1468295161 0.235981 1.000000 0.232306 0.240924 0.055701
37 1468295160 0.233453 1.400000 0.225672 0.240396 0.076333
37 1468295159 0.233453 1.400000 0.225672 0.240396 0.076333
37 1468295158 0.233453 1.400000 0.225672 0.240396 0.076333
37 1468295157 0.233453 1.400000 0.225672 0.240396 0.076333
37 1468295156 0.233453 1.400000 0.225672 0.240396 0.076333
43 1468295218 0.000009 1.666667 0.000009 0.000010 0.000000
43 1468295217 0.000009 1.666667 0.000009 0.000010 0.000000
43 1468295216 0.000009 1.666667 0.000009 0.000010 0.000000
22 1468295218 0.231825 0.666667 0.230548 0.233101 0.035829
22 1468295217 0.231825 0.666667 0.230548 0.233101 0.035829
22 1468295216 0.231825 0.666667 0.230548 0.233101 0.035829
22 1468295215 0.233681 1.400000 0.230883 0.236172 0.076454
22 1468295214 0.233681 1.400000 0.230883 0.236172 0.076454
22 1468295213 0.233681 1.400000 0.230883 0.236172 0.076454
22 1468295212 0.233681 1.400000 0.230883 0.236172 0.076454
22 1468295211 0.233681 1.400000 0.230883 0.236172 0.076454
22 1468295210 0.233186 1.400000 0.229080 0.240220 0.076144
22 1468295209 0.233186 1.400000 0.229080 0.240220 0.076144
22 1468295208 0.233186 1.400000 0.229080 0.240220 0.076144
22 1468295207 0.233186 1.400000 0.229080 0.240220 0.076144
22 1468295206 0.233186 1.400000 0.229080 0.240220 0.076144
22 1468295205 0.232318 1.200000 0.229871 0.234844 0.064769
22 1468295204 0.232318 1.200000 0.229871 0.234844 0.064769
22 1468295203 0.232318 1.200000 0.229871 0.234844 0.064769
22 1468295202 0.232318 1.200000 0.229871 0.234844 0.064769
22 1468295201 0.232318 1.200000 0.229871 0.234844 0.064769
22 1468295200 0.233013 1.400000 0.227964 0.241100 0.076038
22 1468295199 0.233013 1.400000 0.227964 0.241100 0.076038
22 1468295198 0.233013 1.400000 0.227964 0.241100 0.076038
22 1468295197 0.233013 1.400000 0.227964 0.241100 0.076038
22 1468295196 0.233013 1.400000 0.227964 0.241100 0.076038
22 1468295195 0.233652 1.600000 0.231496 0.235124 0.087351
22 1468295194 0.233652 1.600000 0.231496 0.235124 0.087351
22 1468295193 0.233652 1.600000 0.231496 0.235124 0.087351
22 1468295192 0.233652 1.600000 0.231496 0.235124 0.087351
22 1468295191 0.233652 1.600000 0.231496 0.235124 0.087351
22 1468295190 0.239305 1.000000 0.229087 0.261200 0.057394
22 1468295189 0.239305 1.000000 0.229087 0.261200 0.057394
22 1468295188 0.239305 1.000000 0.229087 0.261200 0.057394
22 1468295187 0.239305 1.000000 0.229087 0.261200 0.057394
22 1468295186 0.239305 1.000000 0.229087 0.261200 0.057394
22 1468295185 0.232997 1.400000 0.228698 0.243835 0.076036
22 1468295184 0.232997 1.400000 0.228698 0.243835 0.076036
22 1468295183 0.232997 1.400000 0.228698 0.243835 0.076036
22 1468295182 0.232997 1.400000 0.228698 0.243835 0.076036
22 1468295181 0.232997 1.400000 0.228698 0.243835 0.076036
22 1468295180 0.233565 1.600000 0.228915 0.237469 0.087297
22 1468295179 0.233565 1.600000 0.228915 0.237469 0.087297
22 1468295178 0.233565 1.600000 0.228915 0.237469 0.087297
22 1468295177 0.233565 1.600000 0.228915 0.237469 0.087297
22 1468295176 0.233565 1.600000 0.228915 0.237469 0.087297
22 1468295175 0.233377 1.000000 0.231817 0.235579 0.054468
22 1468295174 0.233377 1.000000 0.231817 0.235579 0.054468
22 1468295173 0.233377 1.000000 0.231817 0.235579 0.054468
22 1468295172 0.233377 1.000000 0.231817 0.235579 0.054468
22 1468295171 0.233377 1.000000 0.231817 0.235579 0.054468
22 1468295170 0.231645 1.400000 0.229093 0.234011 0.075126
22 1468295169 0.231645 1.400000 0.229093 0.234011 0.075126
22 1468295168 0.231645 1.400000 0.229093 0.234011 0.075126
22 1468295167 0.231645 1.400000 0.229093 0.234011 0.075126
22 1468295166 0.231645 1.400000 0.229093 0.234011 0.075126
22 1468295165 0.234263 1.600000 0.230656 0.236572 0.087814
22 1468295164 0.234263 1.600000 0.230656 0.236572 0.087814
22 1468295163 0.234263 1.600000 0.230656 0.236572 0.087814
22 1468295162 0.234263 1.600000 0.230656 0.236572 0.087814
22 1468295161 0.234263 1.600000 0.230656 0.236572 0.087814
22 1468295160 0.236055 1.000000 0.231030 0.240846 0.055735
22 1468295159 0.236055 1.000000 0.231030 0.240846 0.055735
22 1468295158 0.236055 1.000000 0.231030 0.240846 0.055735
22 1468295157 0.236055 1.000000 0.231030 0.240846 0.055735
22 1468295156 0.236055 1.000000 0.231030 0.240846 0.055735
16 1468295218 1.236268 3.000000 1.229841 1.241887 4.585117
16 1468295217 1.236268 3.000000 1.229841 1.241887 4.585117
16 1468295216 1.236268 3.000000 1.229841 1.241887 4.585117
16 1468295215 1.235936 4.000000 1.228797 1.248618 6.110219
16 1468295214 1.235936 4.000000 1.228797 1.248618 6.110219
16 1468295213 1.235936 4.000000 1.228797 1.248618 6.110219
16 1468295212 1.235936 4.000000 1.228797 1.248618 6.110219
16 1468295211 1.235936 4.000000 1.228797 1.248618 6.110219
16 1468295210 1.234988 4.200000 1.227715 1.247901 6.405922
16 1468295209 1.234988 4.200000 1.227715 1.247901 6.405922
16 1468295208 1.234988 4.200000 1.227715 1.247901 6.405922
16 1468295207 1.234988 4.200000 1.227715 1.247901 6.405922
16 1468295206 1.234988 4.200000 1.227715 1.247901 6.405922
16 1468295205 1.234786 4.000000 1.225900 1.248246 6.098856
16 1468295204 1.234786 4.000000 1.225900 1.248246 6.098856
16 1468295203 1.234786 4.000000 1.225900 1.248246 6.098856
16 1468295202 1.234786 4.000000 1.225900 1.248246 6.098856
16 1468295201 1.234786 4.000000 1.225900 1.248246 6.098856
16 1468295200 1.235737 4.000000 1.228841 1.244745 6.108261
16 1468295199 1.235737 4.000000 1.228841 1.244745 6.108261
16 1468295198 1.235737 4.000000 1.228841 1.244745 6.108261
16 1468295197 1.235737 4.000000 1.228841 1.244745 6.108261
16 1468295196 1.235737 4.000000 1.228841 1.244745 6.108261
16 1468295195 1.234780 4.000000 1.229620 1.243239 6.098760
16 1468295194 1.234780 4.000000 1.229620 1.243239 6.098760
16 1468295193 1.234780 4.000000 1.229620 1.243239 6.098760
16 1468295192 1.234780 4.000000 1.229620 1.243239 6.098760
16 1468295191 1.234780 4.000000 1.229620 1.243239 6.098760
16 1468295190 1.253472 4.000000 1.229997 1.297511 6.286453
16 1468295189 1.253472 4.000000 1.229997 1.297511 6.286453
16 1468295188 1.253472 4.000000 1.229997 1.297511 6.286453
16 1468295187 1.253472 4.000000 1.229997 1.297511 6.286453
16 1468295186 1.253472 4.000000 1.229997 1.297511 6.286453
16 1468295185 1.239759 4.000000 1.229941 1.301859 6.148918
16 1468295184 1.239759 4.000000 1.229941 1.301859 6.148918
16 1468295183 1.239759 4.000000 1.229941 1.301859 6.148918
16 1468295182 1.239759 4.000000 1.229941 1.301859 6.148918
16 1468295181 1.239759 4.000000 1.229941 1.301859 6.148918
16 1468295180 1.235602 4.000000 1.227829 1.247991 6.106929
16 1468295179 1.235602 4.000000 1.227829 1.247991 6.106929
16 1468295178 1.235602 4.000000 1.227829 1.247991 6.106929
16 1468295177 1.235602 4.000000 1.227829 1.247991 6.106929
16 1468295176 1.235602 4.000000 1.227829 1.247991 6.106929
16 1468295175 1.235178 4.400000 1.229969 1.240438 6.712955
16 1468295174 1.235178 4.400000 1.229969 1.240438 6.712955
16 1468295173 1.235178 4.400000 1.229969 1.240438 6.712955
16 1468295172 1.235178 4.400000 1.229969 1.240438 6.712955
16 1468295171 1.235178 4.400000 1.229969 1.240438 6.712955
16 1468295170 1.234952 4.000000 1.227868 1.240470 6.100468
16 1468295169 1.234952 4.000000 1.227868 1.240470 6.100468
16 1468295168 1.234952 4.000000 1.227868 1.240470 6.100468
16 1468295167 1.234952 4.000000 1.227868 1.240470 6.100468
16 1468295166 1.234952 4.000000 1.227868 1.240470 6.100468
16 1468295165 1.237369 4.000000 1.229663 1.247496 6.124393
16 1468295164 1.237369 4.000000 1.229663 1.247496 6.124393
16 1468295163 1.237369 4.000000 1.229663 1.247496 6.124393
16 1468295162 1.237369 4.000000 1.229663 1.247496 6.124393
16 1468295161 1.237369 4.000000 1.229663 1.247496 6.124393
16 1468295160 1.236100 4.000000 1.227775 1.250865 6.111898
16 1468295159 1.236100 4.000000 1.227775 1.250865 6.111898
16 1468295158 1.236100 4.000000 1.227775 1.250865 6.111898
16 1468295157 1.236100 4.000000 1.227775 1.250865 6.111898
16 1468295156 1.236100 4.000000 1.227775 1.250865 6.111898
